1.34728
1.34754
1.34738
1.34732
1.34721
1.3473
1.34718
1.34727
1.34718
1.3471
1.34718
1.34715
1.34713
1.34725
1.34733
1.34726
1.34722
1.34735
1.34717
1.34725
1.34719
1.34724
1.34719
1.34729
1.34715
1.34719
1.34721
1.34737
1.34736
1.3474
1.34758
1.34755
1.34744
1.34737
1.34727
1.3473
1.3468
1.34677
1.3469
1.34688
1.34698
1.34687
1.34688
1.34689
1.34702
1.34698
1.34691
1.34698
1.34687
1.34688
1.34698
1.34699
1.34712
1.34763
1.34758
1.34759
1.34796
1.34836
1.34866