50 8 2
0.00026 -0.00016 -0.00006 -0.00011 0.00009 -0.00012 0.00009 -0.00009 
-1 1
-0.00016 -0.00006 -0.00011 0.00009 -0.00012 0.00009 -0.00009 -0.00008 
1 -1
-0.00006 -0.00011 0.00009 -0.00012 0.00009 -0.00009 -0.00008 0.00008 
-1 1
-0.00011 0.00009 -0.00012 0.00009 -0.00009 -0.00008 0.00008 -0.00003 
-1 1
0.00009 -0.00012 0.00009 -0.00009 -0.00008 0.00008 -0.00003 -0.00002 
1 -1
-0.00012 0.00009 -0.00009 -0.00008 0.00008 -0.00003 -0.00002 0.00012 
1 -1
0.00009 -0.00009 -0.00008 0.00008 -0.00003 -0.00002 0.00012 0.00008 
-1 1
-0.00009 -0.00008 0.00008 -0.00003 -0.00002 0.00012 0.00008 -0.00007 
-1 1
-0.00008 0.00008 -0.00003 -0.00002 0.00012 0.00008 -0.00007 -0.00004 
1 -1
0.00008 -0.00003 -0.00002 0.00012 0.00008 -0.00007 -0.00004 0.00013 
-1 1
-0.00003 -0.00002 0.00012 0.00008 -0.00007 -0.00004 0.00013 -0.00018 
1 -1
-0.00002 0.00012 0.00008 -0.00007 -0.00004 0.00013 -0.00018 0.00008 
-1 1
0.00012 0.00008 -0.00007 -0.00004 0.00013 -0.00018 0.00008 -0.00006 
1 -1
0.00008 -0.00007 -0.00004 0.00013 -0.00018 0.00008 -0.00006 0.00005 
-1 1
-0.00007 -0.00004 0.00013 -0.00018 0.00008 -0.00006 0.00005 -0.00005 
1 -1
-0.00004 0.00013 -0.00018 0.00008 -0.00006 0.00005 -0.00005 0.00010 
-1 1
0.00013 -0.00018 0.00008 -0.00006 0.00005 -0.00005 0.00010 -0.00014 
1 -1
-0.00018 0.00008 -0.00006 0.00005 -0.00005 0.00010 -0.00014 0.00004 
1 -1
0.00008 -0.00006 0.00005 -0.00005 0.00010 -0.00014 0.00004 0.00002 
1 -1
-0.00006 0.00005 -0.00005 0.00010 -0.00014 0.00004 0.00002 0.00016 
-1 1
0.00005 -0.00005 0.00010 -0.00014 0.00004 0.00002 0.00016 -0.00001 
1 -1
-0.00005 0.00010 -0.00014 0.00004 0.00002 0.00016 -0.00001 0.00004 
1 -1
0.00010 -0.00014 0.00004 0.00002 0.00016 -0.00001 0.00004 0.00018 
-1 1
-0.00014 0.00004 0.00002 0.00016 -0.00001 0.00004 0.00018 -0.00003 
-1 1
0.00004 0.00002 0.00016 -0.00001 0.00004 0.00018 -0.00003 -0.00011 
-1 1
0.00002 0.00016 -0.00001 0.00004 0.00018 -0.00003 -0.00011 -0.00007 
-1 1
0.00016 -0.00001 0.00004 0.00018 -0.00003 -0.00011 -0.00007 -0.00010 
1 -1
-0.00001 0.00004 0.00018 -0.00003 -0.00011 -0.00007 -0.00010 0.00003 
-1 1
0.00004 0.00018 -0.00003 -0.00011 -0.00007 -0.00010 0.00003 -0.00050 
-1 1
0.00018 -0.00003 -0.00011 -0.00007 -0.00010 0.00003 -0.00050 -0.00003 
1 -1
-0.00003 -0.00011 -0.00007 -0.00010 0.00003 -0.00050 -0.00003 0.00013 
-1 1
-0.00011 -0.00007 -0.00010 0.00003 -0.00050 -0.00003 0.00013 -0.00002 
1 -1
-0.00007 -0.00010 0.00003 -0.00050 -0.00003 0.00013 -0.00002 0.00010 
-1 1
-0.00010 0.00003 -0.00050 -0.00003 0.00013 -0.00002 0.00010 -0.00011 
1 -1
0.00003 -0.00050 -0.00003 0.00013 -0.00002 0.00010 -0.00011 0.00001 
1 -1
-0.00050 -0.00003 0.00013 -0.00002 0.00010 -0.00011 0.00001 0.00001 
1 -1
-0.00003 0.00013 -0.00002 0.00010 -0.00011 0.00001 0.00001 0.00013 
-1 1
0.00013 -0.00002 0.00010 -0.00011 0.00001 0.00001 0.00013 -0.00004 
-1 1
-0.00002 0.00010 -0.00011 0.00001 0.00001 0.00013 -0.00004 -0.00007 
1 -1
0.00010 -0.00011 0.00001 0.00001 0.00013 -0.00004 -0.00007 0.00007 
-1 1
-0.00011 0.00001 0.00001 0.00013 -0.00004 -0.00007 0.00007 -0.00011 
1 -1
0.00001 0.00001 0.00013 -0.00004 -0.00007 0.00007 -0.00011 0.00001 
1 -1
0.00001 0.00013 -0.00004 -0.00007 0.00007 -0.00011 0.00001 0.00010 
1 -1
0.00013 -0.00004 -0.00007 0.00007 -0.00011 0.00001 0.00010 0.00001 
1 -1
-0.00004 -0.00007 0.00007 -0.00011 0.00001 0.00010 0.00001 0.00013 
1 -1
-0.00007 0.00007 -0.00011 0.00001 0.00010 0.00001 0.00013 0.00051 
-1 1
0.00007 -0.00011 0.00001 0.00010 0.00001 0.00013 0.00051 -0.00005 
1 -1
-0.00011 0.00001 0.00010 0.00001 0.00013 0.00051 -0.00005 0.00001 
1 -1
0.00001 0.00010 0.00001 0.00013 0.00051 -0.00005 0.00001 0.00037 
1 -1
0.00010 0.00001 0.00013 0.00051 -0.00005 0.00001 0.00037 0.00040 
1 -1
