0.490291 0.476852 1 C 0
0.553097 0.523148 1 C 1
0.510870 0.212963 2 C 0
0.502183 0.530093 2 C 1
0.576577 0.256944 2 C 2
0.450000 0.092593 3 C 0
0.460606 0.381944 3 C 1
0.594118 0.393519 3 C 2
0.561404 0.131944 3 C 3
0.500000 0.041667 4 C 0
0.447619 0.243056 4 C 1
0.540881 0.368056 4 C 2
0.557377 0.282407 4 C 3
0.607143 0.064815 4 C 4
0.375000 0.018519 5 C 0
0.491525 0.136574 5 C 1
0.510638 0.326389 5 C 2
0.528000 0.289352 5 C 3
0.559524 0.194444 5 C 4
0.666667 0.034722 5 C 5
0.250000 0.009259 6 C 0
0.620690 0.067130 6 C 1
0.416667 0.250000 6 C 2
0.542636 0.298611 6 C 3
0.562500 0.222222 6 C 4
0.593220 0.136574 6 C 5
0.571429 0.016204 6 C 6
0.500000 0.004630 7 C 0
0.466667 0.034722 7 C 1
0.506494 0.178241 7 C 2
0.476190 0.243056 7 C 3
0.547826 0.266204 7 C 4
0.586667 0.173611 7 C 5
0.500000 0.092593 7 C 6
0.666667 0.006944 7 C 7
0.000000 0.002315 8 C 0
0.625000 0.018519 8 C 1
0.520000 0.115741 8 C 2
0.470588 0.196759 8 C 3
0.576577 0.256944 8 C 4
0.528090 0.206019 8 C 5
0.459016 0.141204 8 C 6
0.592593 0.062500 8 C 7
0.000000 0.000000 8 C 8
0.000000 0.000000 9 C 0
0.500000 0.013889 9 C 1
0.655172 0.067130 9 C 2
0.415385 0.150463 9 C 3
0.536082 0.224537 9 C 4
0.570000 0.231481 9 C 5
0.486486 0.171296 9 C 6
0.555556 0.104167 9 C 7
0.437500 0.037037 9 C 8
0.000000 0.000000 9 C 9
0.000000 0.000000 10 C 0
0.666667 0.006944 10 C 1
0.588235 0.039352 10 C 2
0.423077 0.120370 10 C 3
0.567568 0.171296 10 C 4
0.530612 0.226852 10 C 5
0.500000 0.194444 10 C 6
0.564516 0.143519 10 C 7
0.500000 0.078704 10 C 8
0.500000 0.018519 10 C 9
0.000000 0.000000 10 C 10
0.000000 0.000000 11 C 0
0.000000 0.002315 11 C 1
0.545455 0.025463 11 C 2
0.486486 0.085648 11 C 3
0.500000 0.129630 11 C 4
0.588889 0.208333 11 C 5
0.494382 0.206019 11 C 6
0.507463 0.155093 11 C 7
0.543860 0.131944 11 C 8
0.500000 0.046296 11 C 9
0.500000 0.009259 11 C 10
0.000000 0.000000 11 C 11
0.000000 0.000000 12 C 0
0.000000 0.000000 12 C 1
0.500000 0.018519 12 C 2
0.565217 0.053241 12 C 3
0.488372 0.099537 12 C 4
0.563380 0.164352 12 C 5
0.531915 0.217593 12 C 6
0.475000 0.185185 12 C 7
0.527273 0.127315 12 C 8
0.533333 0.104167 12 C 9
0.636364 0.025463 12 C 10
0.500000 0.004630 12 C 11
0.000000 0.000000 12 C 12
0.000000 0.000000 13 C 0
0.000000 0.000000 13 C 1
0.666667 0.006944 13 C 2
0.470588 0.039352 13 C 3
0.562500 0.074074 13 C 4
0.568966 0.134259 13 C 5
0.519481 0.178241 13 C 6
0.500000 0.212963 13 C 7
0.524590 0.141204 13 C 8
0.500000 0.129630 13 C 9
0.612903 0.071759 13 C 10
0.500000 0.009259 13 C 11
0.000000 0.002315 13 C 12
0.000000 0.000000 13 C 13
0.000000 0.000000 14 C 0
0.000000 0.000000 14 C 1
0.000000 0.002315 14 C 2
0.500000 0.023148 14 C 3
0.615385 0.060185 14 C 4
0.571429 0.097222 14 C 5
0.521739 0.159722 14 C 6
0.518072 0.192130 14 C 7
0.480519 0.178241 14 C 8
0.537037 0.125000 14 C 9
0.529412 0.118056 14 C 10
0.625000 0.037037 14 C 11
0.333333 0.006944 14 C 12
0.000000 0.000000 14 C 13
0.000000 0.000000 14 C 14
0.000000 0.000000 15 C 0
0.000000 0.000000 15 C 1
0.000000 0.000000 15 C 2
0.571429 0.016204 15 C 3
0.529412 0.039352 15 C 4
0.628571 0.081019 15 C 5
0.490196 0.118056 15 C 6
0.581081 0.171296 15 C 7
0.423529 0.196759 15 C 8
0.573529 0.157407 15 C 9
0.500000 0.101852 15 C 10
0.547619 0.097222 15 C 11
0.625000 0.018519 15 C 12
0.000000 0.002315 15 C 13
0.000000 0.000000 15 C 14
0.000000 0.000000 15 C 15
0.000000 0.000000 16 C 0
0.000000 0.000000 16 C 1
0.000000 0.000000 16 C 2
0.500000 0.004630 16 C 3
0.500000 0.032407 16 C 4
0.629630 0.062500 16 C 5
0.575000 0.092593 16 C 6
0.508475 0.136574 16 C 7
0.536585 0.189815 16 C 8
0.475000 0.185185 16 C 9
0.527273 0.127315 16 C 10
0.538462 0.090278 16 C 11
0.551724 0.067130 16 C 12
0.400000 0.011574 16 C 13
0.000000 0.000000 16 C 14
0.000000 0.000000 16 C 15
0.000000 0.000000 16 C 16
0.000000 0.000000 17 C 0
0.000000 0.000000 17 C 1
0.000000 0.000000 17 C 2
0.000000 0.000000 17 C 3
0.500000 0.018519 17 C 4
0.560000 0.057870 17 C 5
0.678571 0.064815 17 C 6
0.533333 0.104167 17 C 7
0.545455 0.178241 17 C 8
0.481013 0.182870 17 C 9
0.513889 0.166667 17 C 10
0.512821 0.090278 17 C 11
0.486486 0.085648 17 C 12
0.590909 0.050926 17 C 13
0.000000 0.000000 17 C 14
0.000000 0.000000 17 C 15
0.000000 0.000000 17 C 16
0.000000 0.000000 17 C 17
0.000000 0.000000 18 C 0
0.000000 0.000000 18 C 1
0.000000 0.000000 18 C 2
0.000000 0.000000 18 C 3
0.666667 0.006944 18 C 4
0.500000 0.041667 18 C 5
0.625000 0.055556 18 C 6
0.648649 0.085648 18 C 7
0.568966 0.134259 18 C 8
0.441860 0.199074 18 C 9
0.500000 0.162037 18 C 10
0.574074 0.125000 18 C 11
0.487179 0.090278 18 C 12
0.515152 0.076389 18 C 13
0.500000 0.023148 18 C 14
0.000000 0.000000 18 C 15
0.000000 0.000000 18 C 16
0.000000 0.000000 18 C 17
0.000000 0.000000 18 C 18
0.000000 0.000000 19 C 0
0.000000 0.000000 19 C 1
0.000000 0.000000 19 C 2
0.000000 0.000000 19 C 3
0.000000 0.000000 19 C 4
0.461538 0.030093 19 C 5
0.588235 0.039352 19 C 6
0.617647 0.078704 19 C 7
0.642857 0.097222 19 C 8
0.512821 0.180556 19 C 9
0.435897 0.180556 19 C 10
0.517241 0.134259 19 C 11
0.553191 0.108796 19 C 12
0.552632 0.087963 19 C 13
0.454545 0.050926 19 C 14
0.600000 0.011574 19 C 15
0.000000 0.000000 19 C 16
0.000000 0.000000 19 C 17
0.000000 0.000000 19 C 18
0.000000 0.000000 19 C 19
0.000000 0.000000 20 C 0
0.000000 0.000000 20 C 1
0.000000 0.000000 20 C 2
0.000000 0.000000 20 C 3
0.000000 0.000000 20 C 4
0.200000 0.011574 20 C 5
0.666667 0.041667 20 C 6
0.650000 0.046296 20 C 7
0.625000 0.092593 20 C 8
0.540984 0.141204 20 C 9
0.513158 0.175926 20 C 10
0.405405 0.171296 20 C 11
0.489362 0.108796 20 C 12
0.600000 0.092593 20 C 13
0.500000 0.087963 20 C 14
0.700000 0.023148 20 C 15
0.333333 0.006944 20 C 16
0.000000 0.000000 20 C 17
0.000000 0.000000 20 C 18
0.000000 0.000000 20 C 19
0.000000 0.000000 20 C 20
0.000000 0.000000 21 C 0
0.000000 0.000000 21 C 1
0.000000 0.000000 21 C 2
0.000000 0.000000 21 C 3
0.000000 0.000000 21 C 4
0.500000 0.004630 21 C 5
0.454545 0.025463 21 C 6
0.700000 0.046296 21 C 7
0.576923 0.060185 21 C 8
0.653061 0.113426 21 C 9
0.507042 0.164352 21 C 10
0.453488 0.199074 21 C 11
0.437500 0.111111 21 C 12
0.500000 0.111111 21 C 13
0.567568 0.085648 21 C 14
0.560000 0.057870 21 C 15
0.500000 0.018519 21 C 16
1.000000 0.002315 21 C 17
0.000000 0.000000 21 C 18
0.000000 0.000000 21 C 19
0.000000 0.000000 21 C 20
0.000000 0.000000 21 C 21
0.000000 0.000000 22 C 0
0.000000 0.000000 22 C 1
0.000000 0.000000 22 C 2
0.000000 0.000000 22 C 3
0.000000 0.000000 22 C 4
0.000000 0.000000 22 C 5
0.428571 0.016204 22 C 6
0.625000 0.037037 22 C 7
0.600000 0.046296 22 C 8
0.657895 0.087963 22 C 9
0.589286 0.129630 22 C 10
0.466667 0.208333 22 C 11
0.460317 0.145833 22 C 12
0.325581 0.099537 22 C 13
0.652174 0.106481 22 C 14
0.531250 0.074074 22 C 15
0.533333 0.034722 22 C 16
0.500000 0.013889 22 C 17
0.000000 0.000000 22 C 18
0.000000 0.000000 22 C 19
0.000000 0.000000 22 C 20
0.000000 0.000000 22 C 21
0.000000 0.000000 22 C 22
0.000000 0.000000 23 C 0
0.000000 0.000000 23 C 1
0.000000 0.000000 23 C 2
0.000000 0.000000 23 C 3
0.000000 0.000000 23 C 4
0.000000 0.000000 23 C 5
0.333333 0.006944 23 C 6
0.538462 0.030093 23 C 7
0.615385 0.030093 23 C 8
0.600000 0.069444 23 C 9
0.600000 0.104167 23 C 10
0.556962 0.182870 23 C 11
0.462500 0.185185 23 C 12
0.395833 0.111111 23 C 13
0.500000 0.092593 23 C 14
0.590909 0.101852 23 C 15
0.545455 0.050926 23 C 16
0.461538 0.030093 23 C 17
0.500000 0.004630 23 C 18
0.000000 0.000000 23 C 19
0.000000 0.000000 23 C 20
0.000000 0.000000 23 C 21
0.000000 0.000000 23 C 22
0.000000 0.000000 23 C 23
0.000000 0.000000 24 C 0
0.000000 0.000000 24 C 1
0.000000 0.000000 24 C 2
0.000000 0.000000 24 C 3
0.000000 0.000000 24 C 4
0.000000 0.000000 24 C 5
0.000000 0.002315 24 C 6
0.666667 0.020833 24 C 7
0.272727 0.025463 24 C 8
0.777778 0.041667 24 C 9
0.594595 0.085648 24 C 10
0.575758 0.152778 24 C 11
0.494382 0.206019 24 C 12
0.438596 0.131944 24 C 13
0.523810 0.097222 24 C 14
0.421053 0.087963 24 C 15
0.605263 0.087963 24 C 16
0.562500 0.037037 24 C 17
0.400000 0.023148 24 C 18
0.000000 0.000000 24 C 19
0.000000 0.000000 24 C 20
0.000000 0.000000 24 C 21
0.000000 0.000000 24 C 22
0.000000 0.000000 24 C 23
0.000000 0.000000 24 C 24
0.000000 0.000000 25 C 0
0.000000 0.000000 25 C 1
0.000000 0.000000 25 C 2
0.000000 0.000000 25 C 3
0.000000 0.000000 25 C 4
0.000000 0.000000 25 C 5
0.000000 0.000000 25 C 6
0.600000 0.011574 25 C 7
0.454545 0.025463 25 C 8
0.500000 0.023148 25 C 9
0.653846 0.060185 25 C 10
0.600000 0.127315 25 C 11
0.530120 0.192130 25 C 12
0.500000 0.166667 25 C 13
0.416667 0.111111 25 C 14
0.500000 0.083333 25 C 15
0.487179 0.090278 25 C 16
0.571429 0.064815 25 C 17
0.642857 0.032407 25 C 18
0.200000 0.011574 25 C 19
0.000000 0.000000 25 C 20
0.000000 0.000000 25 C 21
0.000000 0.000000 25 C 22
0.000000 0.000000 25 C 23
0.000000 0.000000 25 C 24
0.000000 0.000000 25 C 25
0.000000 0.000000 26 C 0
0.000000 0.000000 26 C 1
0.000000 0.000000 26 C 2
0.000000 0.000000 26 C 3
0.000000 0.000000 26 C 4
0.000000 0.000000 26 C 5
0.000000 0.000000 26 C 6
0.000000 0.004630 26 C 7
0.666667 0.020833 26 C 8
0.375000 0.018519 26 C 9
0.571429 0.032407 26 C 10
0.555556 0.104167 26 C 11
0.642857 0.162037 26 C 12
0.487500 0.185185 26 C 13
0.393443 0.141204 26 C 14
0.552632 0.087963 26 C 15
0.473684 0.087963 26 C 16
0.551724 0.067130 26 C 17
0.555556 0.062500 26 C 18
0.444444 0.020833 26 C 19
0.500000 0.004630 26 C 20
0.000000 0.000000 26 C 21
0.000000 0.000000 26 C 22
0.000000 0.000000 26 C 23
0.000000 0.000000 26 C 24
0.000000 0.000000 26 C 25
0.000000 0.000000 26 C 26
0.000000 0.000000 27 C 0
0.000000 0.000000 27 C 1
0.000000 0.000000 27 C 2
0.000000 0.000000 27 C 3
0.000000 0.000000 27 C 4
0.000000 0.000000 27 C 5
0.000000 0.000000 27 C 6
0.000000 0.002315 27 C 7
0.833333 0.013889 27 C 8
0.428571 0.016204 27 C 9
0.300000 0.023148 27 C 10
0.560000 0.057870 27 C 11
0.555556 0.145833 27 C 12
0.628205 0.180556 27 C 13
0.380282 0.164352 27 C 14
0.521739 0.106481 27 C 15
0.500000 0.087963 27 C 16
0.484848 0.076389 27 C 17
0.555556 0.062500 27 C 18
0.545455 0.050926 27 C 19
0.250000 0.009259 27 C 20
1.000000 0.002315 27 C 21
0.000000 0.000000 27 C 22
0.000000 0.000000 27 C 23
0.000000 0.000000 27 C 24
0.000000 0.000000 27 C 25
0.000000 0.000000 27 C 26
0.000000 0.000000 27 C 27
0.000000 0.000000 28 C 0
0.000000 0.000000 28 C 1
0.000000 0.000000 28 C 2
0.000000 0.000000 28 C 3
0.000000 0.000000 28 C 4
0.000000 0.000000 28 C 5
0.000000 0.000000 28 C 6
0.000000 0.000000 28 C 7
0.600000 0.011574 28 C 8
0.600000 0.011574 28 C 9
0.571429 0.016204 28 C 10
0.222222 0.041667 28 C 11
0.722222 0.083333 28 C 12
0.569767 0.199074 28 C 13
0.550725 0.159722 28 C 14
0.357143 0.129630 28 C 15
0.590909 0.101852 28 C 16
0.394737 0.087963 28 C 17
0.565217 0.053241 28 C 18
0.642857 0.064815 28 C 19
0.266667 0.034722 28 C 20
1.000000 0.004630 28 C 21
0.000000 0.000000 28 C 22
0.000000 0.000000 28 C 23
0.000000 0.000000 28 C 24
0.000000 0.000000 28 C 25
0.000000 0.000000 28 C 26
0.000000 0.000000 28 C 27
0.000000 0.000000 28 C 28
0.000000 0.000000 29 C 0
0.000000 0.000000 29 C 1
0.000000 0.000000 29 C 2
0.000000 0.000000 29 C 3
0.000000 0.000000 29 C 4
0.000000 0.000000 29 C 5
0.000000 0.000000 29 C 6
0.000000 0.000000 29 C 7
0.000000 0.004630 29 C 8
0.857143 0.016204 29 C 9
0.500000 0.004630 29 C 10
0.214286 0.032407 29 C 11
0.560000 0.057870 29 C 12
0.627119 0.136574 29 C 13
0.566265 0.192130 29 C 14
0.446154 0.150463 29 C 15
0.510638 0.108796 29 C 16
0.461538 0.090278 29 C 17
0.484848 0.076389 29 C 18
0.521739 0.053241 29 C 19
0.608696 0.053241 29 C 20
0.400000 0.023148 29 C 21
0.000000 0.000000 29 C 22
0.000000 0.000000 29 C 23
0.000000 0.000000 29 C 24
0.000000 0.000000 29 C 25
0.000000 0.000000 29 C 26
0.000000 0.000000 29 C 27
0.000000 0.000000 29 C 28
0.000000 0.000000 29 C 29
0.000000 0.000000 30 C 0
0.000000 0.000000 30 C 1
0.000000 0.000000 30 C 2
0.000000 0.000000 30 C 3
0.000000 0.000000 30 C 4
0.000000 0.000000 30 C 5
0.000000 0.000000 30 C 6
0.000000 0.000000 30 C 7
0.000000 0.002315 30 C 8
0.800000 0.011574 30 C 9
0.750000 0.009259 30 C 10
0.333333 0.013889 30 C 11
0.350000 0.046296 30 C 12
0.550000 0.092593 30 C 13
0.591549 0.164352 30 C 14
0.535714 0.194444 30 C 15
0.478261 0.106481 30 C 16
0.478261 0.106481 30 C 17
0.583333 0.083333 30 C 18
0.464286 0.064815 30 C 19
0.500000 0.050926 30 C 20
0.473684 0.043981 30 C 21
0.500000 0.009259 30 C 22
0.000000 0.000000 30 C 23
0.000000 0.000000 30 C 24
0.000000 0.000000 30 C 25
0.000000 0.000000 30 C 26
0.000000 0.000000 30 C 27
0.000000 0.000000 30 C 28
0.000000 0.000000 30 C 29
0.000000 0.000000 30 C 30
