0.523148 1.000000 1 B( 0.000000, 0.000037 ) IW: 3.68421e-005 #I: 20
0.000000 0.000000 1 B( 0.000037, 0.000074 ) IW: 3.68421e-005 #I: 20
0.000000 0.000000 1 B( 0.000074, 0.000111 ) IW: 3.68421e-005 #I: 20
0.000000 0.000000 1 B( 0.000111, 0.000147 ) IW: 3.68421e-005 #I: 20
0.000000 0.000000 1 B( 0.000147, 0.000184 ) IW: 3.68421e-005 #I: 20
0.000000 0.000000 1 B( 0.000184, 0.000221 ) IW: 3.68421e-005 #I: 20
0.000000 0.000000 1 B( 0.000221, 0.000258 ) IW: 3.68421e-005 #I: 20
0.000000 0.000000 1 B( 0.000258, 0.000295 ) IW: 3.68421e-005 #I: 20
0.000000 0.000000 1 B( 0.000295, 0.000332 ) IW: 3.68421e-005 #I: 20
0.000000 0.000000 1 B( 0.000332, 0.000368 ) IW: 3.68421e-005 #I: 20
0.000000 0.000000 1 B( 0.000368, 0.000405 ) IW: 3.68421e-005 #I: 20
0.000000 0.000000 1 B( 0.000405, 0.000442 ) IW: 3.68421e-005 #I: 20
0.000000 0.000000 1 B( 0.000442, 0.000479 ) IW: 3.68421e-005 #I: 20
0.000000 0.000000 1 B( 0.000479, 0.000516 ) IW: 3.68421e-005 #I: 20
0.000000 0.000000 1 B( 0.000516, 0.000553 ) IW: 3.68421e-005 #I: 20
0.000000 0.000000 1 B( 0.000553, 0.000589 ) IW: 3.68421e-005 #I: 20
0.000000 0.000000 1 B( 0.000589, 0.000626 ) IW: 3.68421e-005 #I: 20
0.000000 0.000000 1 B( 0.000626, 0.000663 ) IW: 3.68421e-005 #I: 20
0.000000 0.000000 1 B( 0.000663, 0.000700 ) IW: 3.68421e-005 #I: 20
0.000000 0.000000 1 B( 0.000700, inf ) IW: 3.68421e-005 #I: 20
0.509434 0.245370 2 B( 0.000000, 0.000037 ) IW: 3.68421e-005 #I: 20
0.589744 0.180556 2 B( 0.000037, 0.000074 ) IW: 3.68421e-005 #I: 20
0.474576 0.136574 2 B( 0.000074, 0.000111 ) IW: 3.68421e-005 #I: 20
0.511628 0.099537 2 B( 0.000111, 0.000147 ) IW: 3.68421e-005 #I: 20
0.392857 0.064815 2 B( 0.000147, 0.000184 ) IW: 3.68421e-005 #I: 20
0.625000 0.074074 2 B( 0.000184, 0.000221 ) IW: 3.68421e-005 #I: 20
0.636364 0.025463 2 B( 0.000221, 0.000258 ) IW: 3.68421e-005 #I: 20
0.444444 0.041667 2 B( 0.000258, 0.000295 ) IW: 3.68421e-005 #I: 20
0.272727 0.025463 2 B( 0.000295, 0.000332 ) IW: 3.68421e-005 #I: 20
0.583333 0.027778 2 B( 0.000332, 0.000368 ) IW: 3.68421e-005 #I: 20
0.200000 0.011574 2 B( 0.000368, 0.000405 ) IW: 3.68421e-005 #I: 20
0.625000 0.018519 2 B( 0.000405, 0.000442 ) IW: 3.68421e-005 #I: 20
0.500000 0.004630 2 B( 0.000442, 0.000479 ) IW: 3.68421e-005 #I: 20
0.666667 0.006944 2 B( 0.000479, 0.000516 ) IW: 3.68421e-005 #I: 20
0.500000 0.004630 2 B( 0.000516, 0.000553 ) IW: 3.68421e-005 #I: 20
0.666667 0.006944 2 B( 0.000553, 0.000589 ) IW: 3.68421e-005 #I: 20
0.500000 0.004630 2 B( 0.000589, 0.000626 ) IW: 3.68421e-005 #I: 20
1.000000 0.002315 2 B( 0.000626, 0.000663 ) IW: 3.68421e-005 #I: 20
0.000000 0.000000 2 B( 0.000663, 0.000700 ) IW: 3.68421e-005 #I: 20
0.750000 0.018519 2 B( 0.000700, inf ) IW: 3.68421e-005 #I: 20
0.581395 0.099537 3 B( 0.000000, 0.000037 ) IW: 3.68421e-005 #I: 20
0.500000 0.208333 3 B( 0.000037, 0.000074 ) IW: 3.68421e-005 #I: 20
0.515152 0.152778 3 B( 0.000074, 0.000111 ) IW: 3.68421e-005 #I: 20
0.551020 0.113426 3 B( 0.000111, 0.000147 ) IW: 3.68421e-005 #I: 20
0.605263 0.087963 3 B( 0.000147, 0.000184 ) IW: 3.68421e-005 #I: 20
0.600000 0.092593 3 B( 0.000184, 0.000221 ) IW: 3.68421e-005 #I: 20
0.260870 0.053241 3 B( 0.000221, 0.000258 ) IW: 3.68421e-005 #I: 20
0.466667 0.034722 3 B( 0.000258, 0.000295 ) IW: 3.68421e-005 #I: 20
0.250000 0.037037 3 B( 0.000295, 0.000332 ) IW: 3.68421e-005 #I: 20
0.600000 0.034722 3 B( 0.000332, 0.000368 ) IW: 3.68421e-005 #I: 20
0.625000 0.018519 3 B( 0.000368, 0.000405 ) IW: 3.68421e-005 #I: 20
1.000000 0.009259 3 B( 0.000405, 0.000442 ) IW: 3.68421e-005 #I: 20
0.428571 0.016204 3 B( 0.000442, 0.000479 ) IW: 3.68421e-005 #I: 20
0.500000 0.004630 3 B( 0.000479, 0.000516 ) IW: 3.68421e-005 #I: 20
0.000000 0.000000 3 B( 0.000516, 0.000553 ) IW: 3.68421e-005 #I: 20
0.500000 0.004630 3 B( 0.000553, 0.000589 ) IW: 3.68421e-005 #I: 20
1.000000 0.004630 3 B( 0.000589, 0.000626 ) IW: 3.68421e-005 #I: 20
1.000000 0.004630 3 B( 0.000626, 0.000663 ) IW: 3.68421e-005 #I: 20
0.600000 0.011574 3 B( 0.000663, 0.000700 ) IW: 3.68421e-005 #I: 20
0.400000 0.011574 3 B( 0.000700, inf ) IW: 3.68421e-005 #I: 20
0.500000 0.050926 4 B( 0.000000, 0.000037 ) IW: 3.68421e-005 #I: 20
0.578313 0.192130 4 B( 0.000037, 0.000074 ) IW: 3.68421e-005 #I: 20
0.521739 0.159722 4 B( 0.000074, 0.000111 ) IW: 3.68421e-005 #I: 20
0.530612 0.113426 4 B( 0.000111, 0.000147 ) IW: 3.68421e-005 #I: 20
0.508475 0.136574 4 B( 0.000147, 0.000184 ) IW: 3.68421e-005 #I: 20
0.545455 0.076389 4 B( 0.000184, 0.000221 ) IW: 3.68421e-005 #I: 20
0.409091 0.050926 4 B( 0.000221, 0.000258 ) IW: 3.68421e-005 #I: 20
0.481481 0.062500 4 B( 0.000258, 0.000295 ) IW: 3.68421e-005 #I: 20
0.571429 0.048611 4 B( 0.000295, 0.000332 ) IW: 3.68421e-005 #I: 20
0.461538 0.030093 4 B( 0.000332, 0.000368 ) IW: 3.68421e-005 #I: 20
0.166667 0.013889 4 B( 0.000368, 0.000405 ) IW: 3.68421e-005 #I: 20
0.666667 0.006944 4 B( 0.000405, 0.000442 ) IW: 3.68421e-005 #I: 20
0.500000 0.004630 4 B( 0.000442, 0.000479 ) IW: 3.68421e-005 #I: 20
1.000000 0.006944 4 B( 0.000479, 0.000516 ) IW: 3.68421e-005 #I: 20
0.571429 0.016204 4 B( 0.000516, 0.000553 ) IW: 3.68421e-005 #I: 20
0.714286 0.016204 4 B( 0.000553, 0.000589 ) IW: 3.68421e-005 #I: 20
1.000000 0.002315 4 B( 0.000589, 0.000626 ) IW: 3.68421e-005 #I: 20
0.000000 0.004630 4 B( 0.000626, 0.000663 ) IW: 3.68421e-005 #I: 20
0.500000 0.004630 4 B( 0.000663, 0.000700 ) IW: 3.68421e-005 #I: 20
0.000000 0.002315 4 B( 0.000700, inf ) IW: 3.68421e-005 #I: 20
0.428571 0.032407 5 B( 0.000000, 0.000037 ) IW: 3.68421e-005 #I: 20
0.534247 0.168981 5 B( 0.000037, 0.000074 ) IW: 3.68421e-005 #I: 20
0.589041 0.168981 5 B( 0.000074, 0.000111 ) IW: 3.68421e-005 #I: 20
0.524590 0.141204 5 B( 0.000111, 0.000147 ) IW: 3.68421e-005 #I: 20
0.452381 0.097222 5 B( 0.000147, 0.000184 ) IW: 3.68421e-005 #I: 20
0.526316 0.087963 5 B( 0.000184, 0.000221 ) IW: 3.68421e-005 #I: 20
0.513514 0.085648 5 B( 0.000221, 0.000258 ) IW: 3.68421e-005 #I: 20
0.516129 0.071759 5 B( 0.000258, 0.000295 ) IW: 3.68421e-005 #I: 20
0.476190 0.048611 5 B( 0.000295, 0.000332 ) IW: 3.68421e-005 #I: 20
0.400000 0.011574 5 B( 0.000332, 0.000368 ) IW: 3.68421e-005 #I: 20
0.333333 0.013889 5 B( 0.000368, 0.000405 ) IW: 3.68421e-005 #I: 20
0.750000 0.009259 5 B( 0.000405, 0.000442 ) IW: 3.68421e-005 #I: 20
0.555556 0.020833 5 B( 0.000442, 0.000479 ) IW: 3.68421e-005 #I: 20
0.666667 0.013889 5 B( 0.000479, 0.000516 ) IW: 3.68421e-005 #I: 20
0.800000 0.011574 5 B( 0.000516, 0.000553 ) IW: 3.68421e-005 #I: 20
0.400000 0.011574 5 B( 0.000553, 0.000589 ) IW: 3.68421e-005 #I: 20
0.000000 0.002315 5 B( 0.000589, 0.000626 ) IW: 3.68421e-005 #I: 20
1.000000 0.002315 5 B( 0.000626, 0.000663 ) IW: 3.68421e-005 #I: 20
0.000000 0.000000 5 B( 0.000663, 0.000700 ) IW: 3.68421e-005 #I: 20
0.000000 0.000000 5 B( 0.000700, inf ) IW: 3.68421e-005 #I: 20
0.600000 0.023148 6 B( 0.000000, 0.000037 ) IW: 3.68421e-005 #I: 20
0.500000 0.152778 6 B( 0.000037, 0.000074 ) IW: 3.68421e-005 #I: 20
0.521127 0.164352 6 B( 0.000074, 0.000111 ) IW: 3.68421e-005 #I: 20
0.587302 0.145833 6 B( 0.000111, 0.000147 ) IW: 3.68421e-005 #I: 20
0.489362 0.108796 6 B( 0.000147, 0.000184 ) IW: 3.68421e-005 #I: 20
0.555556 0.083333 6 B( 0.000184, 0.000221 ) IW: 3.68421e-005 #I: 20
0.511628 0.099537 6 B( 0.000221, 0.000258 ) IW: 3.68421e-005 #I: 20
0.468750 0.074074 6 B( 0.000258, 0.000295 ) IW: 3.68421e-005 #I: 20
0.625000 0.037037 6 B( 0.000295, 0.000332 ) IW: 3.68421e-005 #I: 20
0.222222 0.020833 6 B( 0.000332, 0.000368 ) IW: 3.68421e-005 #I: 20
0.600000 0.023148 6 B( 0.000368, 0.000405 ) IW: 3.68421e-005 #I: 20
0.555556 0.020833 6 B( 0.000405, 0.000442 ) IW: 3.68421e-005 #I: 20
0.714286 0.016204 6 B( 0.000442, 0.000479 ) IW: 3.68421e-005 #I: 20
0.571429 0.016204 6 B( 0.000479, 0.000516 ) IW: 3.68421e-005 #I: 20
0.400000 0.011574 6 B( 0.000516, 0.000553 ) IW: 3.68421e-005 #I: 20
0.000000 0.002315 6 B( 0.000553, 0.000589 ) IW: 3.68421e-005 #I: 20
0.000000 0.000000 6 B( 0.000589, 0.000626 ) IW: 3.68421e-005 #I: 20
0.000000 0.000000 6 B( 0.000626, 0.000663 ) IW: 3.68421e-005 #I: 20
0.000000 0.000000 6 B( 0.000663, 0.000700 ) IW: 3.68421e-005 #I: 20
0.000000 0.000000 6 B( 0.000700, inf ) IW: 3.68421e-005 #I: 20
0.000000 0.009259 7 B( 0.000000, 0.000037 ) IW: 3.68421e-005 #I: 20
0.578125 0.148148 7 B( 0.000037, 0.000074 ) IW: 3.68421e-005 #I: 20
0.547945 0.168981 7 B( 0.000074, 0.000111 ) IW: 3.68421e-005 #I: 20
0.485294 0.157407 7 B( 0.000111, 0.000147 ) IW: 3.68421e-005 #I: 20
0.531915 0.108796 7 B( 0.000147, 0.000184 ) IW: 3.68421e-005 #I: 20
0.515152 0.076389 7 B( 0.000184, 0.000221 ) IW: 3.68421e-005 #I: 20
0.543478 0.106481 7 B( 0.000221, 0.000258 ) IW: 3.68421e-005 #I: 20
0.548387 0.071759 7 B( 0.000258, 0.000295 ) IW: 3.68421e-005 #I: 20
0.588235 0.039352 7 B( 0.000295, 0.000332 ) IW: 3.68421e-005 #I: 20
0.375000 0.037037 7 B( 0.000332, 0.000368 ) IW: 3.68421e-005 #I: 20
0.428571 0.016204 7 B( 0.000368, 0.000405 ) IW: 3.68421e-005 #I: 20
0.571429 0.016204 7 B( 0.000405, 0.000442 ) IW: 3.68421e-005 #I: 20
0.615385 0.030093 7 B( 0.000442, 0.000479 ) IW: 3.68421e-005 #I: 20
0.200000 0.011574 7 B( 0.000479, 0.000516 ) IW: 3.68421e-005 #I: 20
0.000000 0.002315 7 B( 0.000516, 0.000553 ) IW: 3.68421e-005 #I: 20
0.000000 0.000000 7 B( 0.000553, 0.000589 ) IW: 3.68421e-005 #I: 20
0.000000 0.000000 7 B( 0.000589, 0.000626 ) IW: 3.68421e-005 #I: 20
0.000000 0.000000 7 B( 0.000626, 0.000663 ) IW: 3.68421e-005 #I: 20
0.000000 0.000000 7 B( 0.000663, 0.000700 ) IW: 3.68421e-005 #I: 20
0.000000 0.000000 7 B( 0.000700, inf ) IW: 3.68421e-005 #I: 20
0.500000 0.004630 8 B( 0.000000, 0.000037 ) IW: 3.68421e-005 #I: 20
0.539683 0.145833 8 B( 0.000037, 0.000074 ) IW: 3.68421e-005 #I: 20
0.478873 0.164352 8 B( 0.000074, 0.000111 ) IW: 3.68421e-005 #I: 20
0.549296 0.164352 8 B( 0.000111, 0.000147 ) IW: 3.68421e-005 #I: 20
0.523810 0.097222 8 B( 0.000147, 0.000184 ) IW: 3.68421e-005 #I: 20
0.522727 0.101852 8 B( 0.000184, 0.000221 ) IW: 3.68421e-005 #I: 20
0.650000 0.092593 8 B( 0.000221, 0.000258 ) IW: 3.68421e-005 #I: 20
0.517241 0.067130 8 B( 0.000258, 0.000295 ) IW: 3.68421e-005 #I: 20
0.416667 0.055556 8 B( 0.000295, 0.000332 ) IW: 3.68421e-005 #I: 20
0.500000 0.023148 8 B( 0.000332, 0.000368 ) IW: 3.68421e-005 #I: 20
0.727273 0.025463 8 B( 0.000368, 0.000405 ) IW: 3.68421e-005 #I: 20
0.444444 0.041667 8 B( 0.000405, 0.000442 ) IW: 3.68421e-005 #I: 20
0.000000 0.009259 8 B( 0.000442, 0.000479 ) IW: 3.68421e-005 #I: 20
0.500000 0.004630 8 B( 0.000479, 0.000516 ) IW: 3.68421e-005 #I: 20
0.000000 0.002315 8 B( 0.000516, 0.000553 ) IW: 3.68421e-005 #I: 20
0.000000 0.000000 8 B( 0.000553, 0.000589 ) IW: 3.68421e-005 #I: 20
0.000000 0.000000 8 B( 0.000589, 0.000626 ) IW: 3.68421e-005 #I: 20
0.000000 0.000000 8 B( 0.000626, 0.000663 ) IW: 3.68421e-005 #I: 20
0.000000 0.000000 8 B( 0.000663, 0.000700 ) IW: 3.68421e-005 #I: 20
0.000000 0.000000 8 B( 0.000700, inf ) IW: 3.68421e-005 #I: 20
1.000000 0.002315 9 B( 0.000000, 0.000037 ) IW: 3.68421e-005 #I: 20
0.462963 0.125000 9 B( 0.000037, 0.000074 ) IW: 3.68421e-005 #I: 20
0.525641 0.180556 9 B( 0.000074, 0.000111 ) IW: 3.68421e-005 #I: 20
0.542857 0.162037 9 B( 0.000111, 0.000147 ) IW: 3.68421e-005 #I: 20
0.595238 0.097222 9 B( 0.000147, 0.000184 ) IW: 3.68421e-005 #I: 20
0.480769 0.120370 9 B( 0.000184, 0.000221 ) IW: 3.68421e-005 #I: 20
0.680000 0.057870 9 B( 0.000221, 0.000258 ) IW: 3.68421e-005 #I: 20
0.511111 0.104167 9 B( 0.000258, 0.000295 ) IW: 3.68421e-005 #I: 20
0.647059 0.039352 9 B( 0.000295, 0.000332 ) IW: 3.68421e-005 #I: 20
0.636364 0.025463 9 B( 0.000332, 0.000368 ) IW: 3.68421e-005 #I: 20
0.434783 0.053241 9 B( 0.000368, 0.000405 ) IW: 3.68421e-005 #I: 20
0.166667 0.013889 9 B( 0.000405, 0.000442 ) IW: 3.68421e-005 #I: 20
0.200000 0.011574 9 B( 0.000442, 0.000479 ) IW: 3.68421e-005 #I: 20
0.500000 0.004630 9 B( 0.000479, 0.000516 ) IW: 3.68421e-005 #I: 20
0.000000 0.000000 9 B( 0.000516, 0.000553 ) IW: 3.68421e-005 #I: 20
0.000000 0.002315 9 B( 0.000553, 0.000589 ) IW: 3.68421e-005 #I: 20
0.000000 0.000000 9 B( 0.000589, 0.000626 ) IW: 3.68421e-005 #I: 20
0.000000 0.000000 9 B( 0.000626, 0.000663 ) IW: 3.68421e-005 #I: 20
0.000000 0.000000 9 B( 0.000663, 0.000700 ) IW: 3.68421e-005 #I: 20
0.000000 0.000000 9 B( 0.000700, inf ) IW: 3.68421e-005 #I: 20
0.000000 0.000000 10 B( 0.000000, 0.000037 ) IW: 3.68421e-005 #I: 20
0.531915 0.108796 10 B( 0.000037, 0.000074 ) IW: 3.68421e-005 #I: 20
0.447059 0.196759 10 B( 0.000074, 0.000111 ) IW: 3.68421e-005 #I: 20
0.588235 0.157407 10 B( 0.000111, 0.000147 ) IW: 3.68421e-005 #I: 20
0.510204 0.113426 10 B( 0.000147, 0.000184 ) IW: 3.68421e-005 #I: 20
0.682927 0.094907 10 B( 0.000184, 0.000221 ) IW: 3.68421e-005 #I: 20
0.575758 0.076389 10 B( 0.000221, 0.000258 ) IW: 3.68421e-005 #I: 20
0.444444 0.104167 10 B( 0.000258, 0.000295 ) IW: 3.68421e-005 #I: 20
0.727273 0.025463 10 B( 0.000295, 0.000332 ) IW: 3.68421e-005 #I: 20
0.433333 0.069444 10 B( 0.000332, 0.000368 ) IW: 3.68421e-005 #I: 20
0.545455 0.025463 10 B( 0.000368, 0.000405 ) IW: 3.68421e-005 #I: 20
0.166667 0.013889 10 B( 0.000405, 0.000442 ) IW: 3.68421e-005 #I: 20
0.333333 0.006944 10 B( 0.000442, 0.000479 ) IW: 3.68421e-005 #I: 20
1.000000 0.002315 10 B( 0.000479, 0.000516 ) IW: 3.68421e-005 #I: 20
0.500000 0.004630 10 B( 0.000516, 0.000553 ) IW: 3.68421e-005 #I: 20
0.000000 0.000000 10 B( 0.000553, 0.000589 ) IW: 3.68421e-005 #I: 20
0.000000 0.000000 10 B( 0.000589, 0.000626 ) IW: 3.68421e-005 #I: 20
0.000000 0.000000 10 B( 0.000626, 0.000663 ) IW: 3.68421e-005 #I: 20
0.000000 0.000000 10 B( 0.000663, 0.000700 ) IW: 3.68421e-005 #I: 20
0.000000 0.000000 10 B( 0.000700, inf ) IW: 3.68421e-005 #I: 20
0.000000 0.000000 11 B( 0.000000, 0.000037 ) IW: 3.68421e-005 #I: 20
0.500000 0.106481 11 B( 0.000037, 0.000074 ) IW: 3.68421e-005 #I: 20
0.476744 0.199074 11 B( 0.000074, 0.000111 ) IW: 3.68421e-005 #I: 20
0.571429 0.145833 11 B( 0.000111, 0.000147 ) IW: 3.68421e-005 #I: 20
0.581818 0.127315 11 B( 0.000147, 0.000184 ) IW: 3.68421e-005 #I: 20
0.605263 0.087963 11 B( 0.000184, 0.000221 ) IW: 3.68421e-005 #I: 20
0.500000 0.092593 11 B( 0.000221, 0.000258 ) IW: 3.68421e-005 #I: 20
0.525000 0.092593 11 B( 0.000258, 0.000295 ) IW: 3.68421e-005 #I: 20
0.388889 0.041667 11 B( 0.000295, 0.000332 ) IW: 3.68421e-005 #I: 20
0.565217 0.053241 11 B( 0.000332, 0.000368 ) IW: 3.68421e-005 #I: 20
0.363636 0.025463 11 B( 0.000368, 0.000405 ) IW: 3.68421e-005 #I: 20
0.400000 0.011574 11 B( 0.000405, 0.000442 ) IW: 3.68421e-005 #I: 20
0.500000 0.009259 11 B( 0.000442, 0.000479 ) IW: 3.68421e-005 #I: 20
0.666667 0.006944 11 B( 0.000479, 0.000516 ) IW: 3.68421e-005 #I: 20
0.000000 0.000000 11 B( 0.000516, 0.000553 ) IW: 3.68421e-005 #I: 20
0.000000 0.000000 11 B( 0.000553, 0.000589 ) IW: 3.68421e-005 #I: 20
0.000000 0.000000 11 B( 0.000589, 0.000626 ) IW: 3.68421e-005 #I: 20
0.000000 0.000000 11 B( 0.000626, 0.000663 ) IW: 3.68421e-005 #I: 20
0.000000 0.000000 11 B( 0.000663, 0.000700 ) IW: 3.68421e-005 #I: 20
0.000000 0.000000 11 B( 0.000700, inf ) IW: 3.68421e-005 #I: 20
0.000000 0.000000 12 B( 0.000000, 0.000037 ) IW: 3.68421e-005 #I: 20
0.542857 0.081019 12 B( 0.000037, 0.000074 ) IW: 3.68421e-005 #I: 20
0.479167 0.222222 12 B( 0.000074, 0.000111 ) IW: 3.68421e-005 #I: 20
0.542373 0.136574 12 B( 0.000111, 0.000147 ) IW: 3.68421e-005 #I: 20
0.610169 0.136574 12 B( 0.000147, 0.000184 ) IW: 3.68421e-005 #I: 20
0.558824 0.078704 12 B( 0.000184, 0.000221 ) IW: 3.68421e-005 #I: 20
0.409091 0.101852 12 B( 0.000221, 0.000258 ) IW: 3.68421e-005 #I: 20
0.684211 0.087963 12 B( 0.000258, 0.000295 ) IW: 3.68421e-005 #I: 20
0.407407 0.062500 12 B( 0.000295, 0.000332 ) IW: 3.68421e-005 #I: 20
0.650000 0.046296 12 B( 0.000332, 0.000368 ) IW: 3.68421e-005 #I: 20
0.125000 0.018519 12 B( 0.000368, 0.000405 ) IW: 3.68421e-005 #I: 20
0.428571 0.016204 12 B( 0.000405, 0.000442 ) IW: 3.68421e-005 #I: 20
0.666667 0.006944 12 B( 0.000442, 0.000479 ) IW: 3.68421e-005 #I: 20
0.500000 0.004630 12 B( 0.000479, 0.000516 ) IW: 3.68421e-005 #I: 20
0.000000 0.000000 12 B( 0.000516, 0.000553 ) IW: 3.68421e-005 #I: 20
0.000000 0.000000 12 B( 0.000553, 0.000589 ) IW: 3.68421e-005 #I: 20
0.000000 0.000000 12 B( 0.000589, 0.000626 ) IW: 3.68421e-005 #I: 20
0.000000 0.000000 12 B( 0.000626, 0.000663 ) IW: 3.68421e-005 #I: 20
0.000000 0.000000 12 B( 0.000663, 0.000700 ) IW: 3.68421e-005 #I: 20
0.000000 0.000000 12 B( 0.000700, inf ) IW: 3.68421e-005 #I: 20
0.000000 0.000000 13 B( 0.000000, 0.000037 ) IW: 3.68421e-005 #I: 20
0.548387 0.071759 13 B( 0.000037, 0.000074 ) IW: 3.68421e-005 #I: 20
0.480000 0.231481 13 B( 0.000074, 0.000111 ) IW: 3.68421e-005 #I: 20
0.545455 0.127315 13 B( 0.000111, 0.000147 ) IW: 3.68421e-005 #I: 20
0.614035 0.131944 13 B( 0.000147, 0.000184 ) IW: 3.68421e-005 #I: 20
0.550000 0.092593 13 B( 0.000184, 0.000221 ) IW: 3.68421e-005 #I: 20
0.511111 0.104167 13 B( 0.000221, 0.000258 ) IW: 3.68421e-005 #I: 20
0.631579 0.087963 13 B( 0.000258, 0.000295 ) IW: 3.68421e-005 #I: 20
0.400000 0.057870 13 B( 0.000295, 0.000332 ) IW: 3.68421e-005 #I: 20
0.454545 0.050926 13 B( 0.000332, 0.000368 ) IW: 3.68421e-005 #I: 20
0.571429 0.016204 13 B( 0.000368, 0.000405 ) IW: 3.68421e-005 #I: 20
0.285714 0.016204 13 B( 0.000405, 0.000442 ) IW: 3.68421e-005 #I: 20
0.500000 0.009259 13 B( 0.000442, 0.000479 ) IW: 3.68421e-005 #I: 20
1.000000 0.002315 13 B( 0.000479, 0.000516 ) IW: 3.68421e-005 #I: 20
0.000000 0.000000 13 B( 0.000516, 0.000553 ) IW: 3.68421e-005 #I: 20
0.000000 0.000000 13 B( 0.000553, 0.000589 ) IW: 3.68421e-005 #I: 20
0.000000 0.000000 13 B( 0.000589, 0.000626 ) IW: 3.68421e-005 #I: 20
0.000000 0.000000 13 B( 0.000626, 0.000663 ) IW: 3.68421e-005 #I: 20
0.000000 0.000000 13 B( 0.000663, 0.000700 ) IW: 3.68421e-005 #I: 20
0.000000 0.000000 13 B( 0.000700, inf ) IW: 3.68421e-005 #I: 20
0.000000 0.000000 14 B( 0.000000, 0.000037 ) IW: 3.68421e-005 #I: 20
0.464286 0.064815 14 B( 0.000037, 0.000074 ) IW: 3.68421e-005 #I: 20
0.531250 0.222222 14 B( 0.000074, 0.000111 ) IW: 3.68421e-005 #I: 20
0.459016 0.141204 14 B( 0.000111, 0.000147 ) IW: 3.68421e-005 #I: 20
0.642857 0.129630 14 B( 0.000147, 0.000184 ) IW: 3.68421e-005 #I: 20
0.533333 0.104167 14 B( 0.000184, 0.000221 ) IW: 3.68421e-005 #I: 20
0.538462 0.090278 14 B( 0.000221, 0.000258 ) IW: 3.68421e-005 #I: 20
0.636364 0.101852 14 B( 0.000258, 0.000295 ) IW: 3.68421e-005 #I: 20
0.357143 0.064815 14 B( 0.000295, 0.000332 ) IW: 3.68421e-005 #I: 20
0.466667 0.034722 14 B( 0.000332, 0.000368 ) IW: 3.68421e-005 #I: 20
0.500000 0.018519 14 B( 0.000368, 0.000405 ) IW: 3.68421e-005 #I: 20
0.555556 0.020833 14 B( 0.000405, 0.000442 ) IW: 3.68421e-005 #I: 20
0.000000 0.004630 14 B( 0.000442, 0.000479 ) IW: 3.68421e-005 #I: 20
1.000000 0.002315 14 B( 0.000479, 0.000516 ) IW: 3.68421e-005 #I: 20
0.000000 0.000000 14 B( 0.000516, 0.000553 ) IW: 3.68421e-005 #I: 20
0.000000 0.000000 14 B( 0.000553, 0.000589 ) IW: 3.68421e-005 #I: 20
0.000000 0.000000 14 B( 0.000589, 0.000626 ) IW: 3.68421e-005 #I: 20
0.000000 0.000000 14 B( 0.000626, 0.000663 ) IW: 3.68421e-005 #I: 20
0.000000 0.000000 14 B( 0.000663, 0.000700 ) IW: 3.68421e-005 #I: 20
0.000000 0.000000 14 B( 0.000700, inf ) IW: 3.68421e-005 #I: 20
0.000000 0.000000 15 B( 0.000000, 0.000037 ) IW: 3.68421e-005 #I: 20
0.571429 0.048611 15 B( 0.000037, 0.000074 ) IW: 3.68421e-005 #I: 20
0.504854 0.238426 15 B( 0.000074, 0.000111 ) IW: 3.68421e-005 #I: 20
0.450980 0.118056 15 B( 0.000111, 0.000147 ) IW: 3.68421e-005 #I: 20
0.606557 0.141204 15 B( 0.000147, 0.000184 ) IW: 3.68421e-005 #I: 20
0.520833 0.111111 15 B( 0.000184, 0.000221 ) IW: 3.68421e-005 #I: 20
0.595238 0.097222 15 B( 0.000221, 0.000258 ) IW: 3.68421e-005 #I: 20
0.571429 0.097222 15 B( 0.000258, 0.000295 ) IW: 3.68421e-005 #I: 20
0.424242 0.076389 15 B( 0.000295, 0.000332 ) IW: 3.68421e-005 #I: 20
0.583333 0.027778 15 B( 0.000332, 0.000368 ) IW: 3.68421e-005 #I: 20
0.500000 0.027778 15 B( 0.000368, 0.000405 ) IW: 3.68421e-005 #I: 20
0.400000 0.011574 15 B( 0.000405, 0.000442 ) IW: 3.68421e-005 #I: 20
0.500000 0.004630 15 B( 0.000442, 0.000479 ) IW: 3.68421e-005 #I: 20
0.000000 0.000000 15 B( 0.000479, 0.000516 ) IW: 3.68421e-005 #I: 20
0.000000 0.000000 15 B( 0.000516, 0.000553 ) IW: 3.68421e-005 #I: 20
0.000000 0.000000 15 B( 0.000553, 0.000589 ) IW: 3.68421e-005 #I: 20
0.000000 0.000000 15 B( 0.000589, 0.000626 ) IW: 3.68421e-005 #I: 20
0.000000 0.000000 15 B( 0.000626, 0.000663 ) IW: 3.68421e-005 #I: 20
0.000000 0.000000 15 B( 0.000663, 0.000700 ) IW: 3.68421e-005 #I: 20
0.000000 0.000000 15 B( 0.000700, inf ) IW: 3.68421e-005 #I: 20
0.000000 0.000000 16 B( 0.000000, 0.000037 ) IW: 3.68421e-005 #I: 20
0.523810 0.048611 16 B( 0.000037, 0.000074 ) IW: 3.68421e-005 #I: 20
0.509091 0.254630 16 B( 0.000074, 0.000111 ) IW: 3.68421e-005 #I: 20
0.465116 0.099537 16 B( 0.000111, 0.000147 ) IW: 3.68421e-005 #I: 20
0.587302 0.145833 16 B( 0.000147, 0.000184 ) IW: 3.68421e-005 #I: 20
0.531915 0.108796 16 B( 0.000184, 0.000221 ) IW: 3.68421e-005 #I: 20
0.595238 0.097222 16 B( 0.000221, 0.000258 ) IW: 3.68421e-005 #I: 20
0.595238 0.097222 16 B( 0.000258, 0.000295 ) IW: 3.68421e-005 #I: 20
0.343750 0.074074 16 B( 0.000295, 0.000332 ) IW: 3.68421e-005 #I: 20
0.750000 0.027778 16 B( 0.000332, 0.000368 ) IW: 3.68421e-005 #I: 20
0.400000 0.034722 16 B( 0.000368, 0.000405 ) IW: 3.68421e-005 #I: 20
0.750000 0.009259 16 B( 0.000405, 0.000442 ) IW: 3.68421e-005 #I: 20
0.000000 0.002315 16 B( 0.000442, 0.000479 ) IW: 3.68421e-005 #I: 20
0.000000 0.000000 16 B( 0.000479, 0.000516 ) IW: 3.68421e-005 #I: 20
0.000000 0.000000 16 B( 0.000516, 0.000553 ) IW: 3.68421e-005 #I: 20
0.000000 0.000000 16 B( 0.000553, 0.000589 ) IW: 3.68421e-005 #I: 20
0.000000 0.000000 16 B( 0.000589, 0.000626 ) IW: 3.68421e-005 #I: 20
0.000000 0.000000 16 B( 0.000626, 0.000663 ) IW: 3.68421e-005 #I: 20
0.000000 0.000000 16 B( 0.000663, 0.000700 ) IW: 3.68421e-005 #I: 20
0.000000 0.000000 16 B( 0.000700, inf ) IW: 3.68421e-005 #I: 20
0.000000 0.000000 17 B( 0.000000, 0.000037 ) IW: 3.68421e-005 #I: 20
0.444444 0.041667 17 B( 0.000037, 0.000074 ) IW: 3.68421e-005 #I: 20
0.522936 0.252315 17 B( 0.000074, 0.000111 ) IW: 3.68421e-005 #I: 20
0.583333 0.111111 17 B( 0.000111, 0.000147 ) IW: 3.68421e-005 #I: 20
0.482759 0.134259 17 B( 0.000147, 0.000184 ) IW: 3.68421e-005 #I: 20
0.551020 0.113426 17 B( 0.000184, 0.000221 ) IW: 3.68421e-005 #I: 20
0.613636 0.101852 17 B( 0.000221, 0.000258 ) IW: 3.68421e-005 #I: 20
0.560000 0.115741 17 B( 0.000258, 0.000295 ) IW: 3.68421e-005 #I: 20
0.428571 0.048611 17 B( 0.000295, 0.000332 ) IW: 3.68421e-005 #I: 20
0.444444 0.041667 17 B( 0.000332, 0.000368 ) IW: 3.68421e-005 #I: 20
0.533333 0.034722 17 B( 0.000368, 0.000405 ) IW: 3.68421e-005 #I: 20
0.000000 0.000000 17 B( 0.000405, 0.000442 ) IW: 3.68421e-005 #I: 20
0.000000 0.002315 17 B( 0.000442, 0.000479 ) IW: 3.68421e-005 #I: 20
1.000000 0.002315 17 B( 0.000479, 0.000516 ) IW: 3.68421e-005 #I: 20
0.000000 0.000000 17 B( 0.000516, 0.000553 ) IW: 3.68421e-005 #I: 20
0.000000 0.000000 17 B( 0.000553, 0.000589 ) IW: 3.68421e-005 #I: 20
0.000000 0.000000 17 B( 0.000589, 0.000626 ) IW: 3.68421e-005 #I: 20
0.000000 0.000000 17 B( 0.000626, 0.000663 ) IW: 3.68421e-005 #I: 20
0.000000 0.000000 17 B( 0.000663, 0.000700 ) IW: 3.68421e-005 #I: 20
0.000000 0.000000 17 B( 0.000700, inf ) IW: 3.68421e-005 #I: 20
0.000000 0.000000 18 B( 0.000000, 0.000037 ) IW: 3.68421e-005 #I: 20
0.466667 0.034722 18 B( 0.000037, 0.000074 ) IW: 3.68421e-005 #I: 20
0.509259 0.250000 18 B( 0.000074, 0.000111 ) IW: 3.68421e-005 #I: 20
0.576923 0.120370 18 B( 0.000111, 0.000147 ) IW: 3.68421e-005 #I: 20
0.471698 0.122685 18 B( 0.000147, 0.000184 ) IW: 3.68421e-005 #I: 20
0.584906 0.122685 18 B( 0.000184, 0.000221 ) IW: 3.68421e-005 #I: 20
0.586957 0.106481 18 B( 0.000221, 0.000258 ) IW: 3.68421e-005 #I: 20
0.583333 0.111111 18 B( 0.000258, 0.000295 ) IW: 3.68421e-005 #I: 20
0.384615 0.060185 18 B( 0.000295, 0.000332 ) IW: 3.68421e-005 #I: 20
0.411765 0.039352 18 B( 0.000332, 0.000368 ) IW: 3.68421e-005 #I: 20
0.636364 0.025463 18 B( 0.000368, 0.000405 ) IW: 3.68421e-005 #I: 20
0.000000 0.002315 18 B( 0.000405, 0.000442 ) IW: 3.68421e-005 #I: 20
0.000000 0.000000 18 B( 0.000442, 0.000479 ) IW: 3.68421e-005 #I: 20
0.500000 0.004630 18 B( 0.000479, 0.000516 ) IW: 3.68421e-005 #I: 20
0.000000 0.000000 18 B( 0.000516, 0.000553 ) IW: 3.68421e-005 #I: 20
0.000000 0.000000 18 B( 0.000553, 0.000589 ) IW: 3.68421e-005 #I: 20
0.000000 0.000000 18 B( 0.000589, 0.000626 ) IW: 3.68421e-005 #I: 20
0.000000 0.000000 18 B( 0.000626, 0.000663 ) IW: 3.68421e-005 #I: 20
0.000000 0.000000 18 B( 0.000663, 0.000700 ) IW: 3.68421e-005 #I: 20
0.000000 0.000000 18 B( 0.000700, inf ) IW: 3.68421e-005 #I: 20
0.000000 0.000000 19 B( 0.000000, 0.000037 ) IW: 3.68421e-005 #I: 20
0.416667 0.027778 19 B( 0.000037, 0.000074 ) IW: 3.68421e-005 #I: 20
0.527273 0.254630 19 B( 0.000074, 0.000111 ) IW: 3.68421e-005 #I: 20
0.562500 0.111111 19 B( 0.000111, 0.000147 ) IW: 3.68421e-005 #I: 20
0.483871 0.143519 19 B( 0.000147, 0.000184 ) IW: 3.68421e-005 #I: 20
0.557692 0.120370 19 B( 0.000184, 0.000221 ) IW: 3.68421e-005 #I: 20
0.595238 0.097222 19 B( 0.000221, 0.000258 ) IW: 3.68421e-005 #I: 20
0.553191 0.108796 19 B( 0.000258, 0.000295 ) IW: 3.68421e-005 #I: 20
0.464286 0.064815 19 B( 0.000295, 0.000332 ) IW: 3.68421e-005 #I: 20
0.428571 0.048611 19 B( 0.000332, 0.000368 ) IW: 3.68421e-005 #I: 20
0.666667 0.013889 19 B( 0.000368, 0.000405 ) IW: 3.68421e-005 #I: 20
0.000000 0.002315 19 B( 0.000405, 0.000442 ) IW: 3.68421e-005 #I: 20
0.666667 0.006944 19 B( 0.000442, 0.000479 ) IW: 3.68421e-005 #I: 20
0.000000 0.000000 19 B( 0.000479, 0.000516 ) IW: 3.68421e-005 #I: 20
0.000000 0.000000 19 B( 0.000516, 0.000553 ) IW: 3.68421e-005 #I: 20
0.000000 0.000000 19 B( 0.000553, 0.000589 ) IW: 3.68421e-005 #I: 20
0.000000 0.000000 19 B( 0.000589, 0.000626 ) IW: 3.68421e-005 #I: 20
0.000000 0.000000 19 B( 0.000626, 0.000663 ) IW: 3.68421e-005 #I: 20
0.000000 0.000000 19 B( 0.000663, 0.000700 ) IW: 3.68421e-005 #I: 20
0.000000 0.000000 19 B( 0.000700, inf ) IW: 3.68421e-005 #I: 20
0.000000 0.000000 20 B( 0.000000, 0.000037 ) IW: 3.68421e-005 #I: 20
0.300000 0.023148 20 B( 0.000037, 0.000074 ) IW: 3.68421e-005 #I: 20
0.535088 0.263889 20 B( 0.000074, 0.000111 ) IW: 3.68421e-005 #I: 20
0.511628 0.099537 20 B( 0.000111, 0.000147 ) IW: 3.68421e-005 #I: 20
0.507692 0.150463 20 B( 0.000147, 0.000184 ) IW: 3.68421e-005 #I: 20
0.645833 0.111111 20 B( 0.000184, 0.000221 ) IW: 3.68421e-005 #I: 20
0.541667 0.111111 20 B( 0.000221, 0.000258 ) IW: 3.68421e-005 #I: 20
0.521739 0.106481 20 B( 0.000258, 0.000295 ) IW: 3.68421e-005 #I: 20
0.481481 0.062500 20 B( 0.000295, 0.000332 ) IW: 3.68421e-005 #I: 20
0.500000 0.050926 20 B( 0.000332, 0.000368 ) IW: 3.68421e-005 #I: 20
0.200000 0.011574 20 B( 0.000368, 0.000405 ) IW: 3.68421e-005 #I: 20
1.000000 0.002315 20 B( 0.000405, 0.000442 ) IW: 3.68421e-005 #I: 20
0.333333 0.006944 20 B( 0.000442, 0.000479 ) IW: 3.68421e-005 #I: 20
0.000000 0.000000 20 B( 0.000479, 0.000516 ) IW: 3.68421e-005 #I: 20
0.000000 0.000000 20 B( 0.000516, 0.000553 ) IW: 3.68421e-005 #I: 20
0.000000 0.000000 20 B( 0.000553, 0.000589 ) IW: 3.68421e-005 #I: 20
0.000000 0.000000 20 B( 0.000589, 0.000626 ) IW: 3.68421e-005 #I: 20
0.000000 0.000000 20 B( 0.000626, 0.000663 ) IW: 3.68421e-005 #I: 20
0.000000 0.000000 20 B( 0.000663, 0.000700 ) IW: 3.68421e-005 #I: 20
0.000000 0.000000 20 B( 0.000700, inf ) IW: 3.68421e-005 #I: 20
0.000000 0.000000 21 B( 0.000000, 0.000037 ) IW: 3.68421e-005 #I: 20
0.333333 0.013889 21 B( 0.000037, 0.000074 ) IW: 3.68421e-005 #I: 20
0.539823 0.261574 21 B( 0.000074, 0.000111 ) IW: 3.68421e-005 #I: 20
0.523810 0.097222 21 B( 0.000111, 0.000147 ) IW: 3.68421e-005 #I: 20
0.486486 0.171296 21 B( 0.000147, 0.000184 ) IW: 3.68421e-005 #I: 20
0.585366 0.094907 21 B( 0.000184, 0.000221 ) IW: 3.68421e-005 #I: 20
0.610169 0.136574 21 B( 0.000221, 0.000258 ) IW: 3.68421e-005 #I: 20
0.475000 0.092593 21 B( 0.000258, 0.000295 ) IW: 3.68421e-005 #I: 20
0.466667 0.069444 21 B( 0.000295, 0.000332 ) IW: 3.68421e-005 #I: 20
0.500000 0.041667 21 B( 0.000332, 0.000368 ) IW: 3.68421e-005 #I: 20
0.250000 0.009259 21 B( 0.000368, 0.000405 ) IW: 3.68421e-005 #I: 20
0.500000 0.009259 21 B( 0.000405, 0.000442 ) IW: 3.68421e-005 #I: 20
1.000000 0.002315 21 B( 0.000442, 0.000479 ) IW: 3.68421e-005 #I: 20
0.000000 0.000000 21 B( 0.000479, 0.000516 ) IW: 3.68421e-005 #I: 20
0.000000 0.000000 21 B( 0.000516, 0.000553 ) IW: 3.68421e-005 #I: 20
0.000000 0.000000 21 B( 0.000553, 0.000589 ) IW: 3.68421e-005 #I: 20
0.000000 0.000000 21 B( 0.000589, 0.000626 ) IW: 3.68421e-005 #I: 20
0.000000 0.000000 21 B( 0.000626, 0.000663 ) IW: 3.68421e-005 #I: 20
0.000000 0.000000 21 B( 0.000663, 0.000700 ) IW: 3.68421e-005 #I: 20
0.000000 0.000000 21 B( 0.000700, inf ) IW: 3.68421e-005 #I: 20
0.000000 0.000000 22 B( 0.000000, 0.000037 ) IW: 3.68421e-005 #I: 20
0.200000 0.011574 22 B( 0.000037, 0.000074 ) IW: 3.68421e-005 #I: 20
0.517544 0.263889 22 B( 0.000074, 0.000111 ) IW: 3.68421e-005 #I: 20
0.589744 0.090278 22 B( 0.000111, 0.000147 ) IW: 3.68421e-005 #I: 20
0.500000 0.175926 22 B( 0.000147, 0.000184 ) IW: 3.68421e-005 #I: 20
0.487179 0.090278 22 B( 0.000184, 0.000221 ) IW: 3.68421e-005 #I: 20
0.626866 0.155093 22 B( 0.000221, 0.000258 ) IW: 3.68421e-005 #I: 20
0.411765 0.078704 22 B( 0.000258, 0.000295 ) IW: 3.68421e-005 #I: 20
0.529412 0.078704 22 B( 0.000295, 0.000332 ) IW: 3.68421e-005 #I: 20
0.538462 0.030093 22 B( 0.000332, 0.000368 ) IW: 3.68421e-005 #I: 20
0.333333 0.013889 22 B( 0.000368, 0.000405 ) IW: 3.68421e-005 #I: 20
0.600000 0.011574 22 B( 0.000405, 0.000442 ) IW: 3.68421e-005 #I: 20
0.000000 0.000000 22 B( 0.000442, 0.000479 ) IW: 3.68421e-005 #I: 20
0.000000 0.000000 22 B( 0.000479, 0.000516 ) IW: 3.68421e-005 #I: 20
0.000000 0.000000 22 B( 0.000516, 0.000553 ) IW: 3.68421e-005 #I: 20
0.000000 0.000000 22 B( 0.000553, 0.000589 ) IW: 3.68421e-005 #I: 20
0.000000 0.000000 22 B( 0.000589, 0.000626 ) IW: 3.68421e-005 #I: 20
0.000000 0.000000 22 B( 0.000626, 0.000663 ) IW: 3.68421e-005 #I: 20
0.000000 0.000000 22 B( 0.000663, 0.000700 ) IW: 3.68421e-005 #I: 20
0.000000 0.000000 22 B( 0.000700, inf ) IW: 3.68421e-005 #I: 20
0.000000 0.000000 23 B( 0.000000, 0.000037 ) IW: 3.68421e-005 #I: 20
0.250000 0.009259 23 B( 0.000037, 0.000074 ) IW: 3.68421e-005 #I: 20
0.513514 0.256944 23 B( 0.000074, 0.000111 ) IW: 3.68421e-005 #I: 20
0.581395 0.099537 23 B( 0.000111, 0.000147 ) IW: 3.68421e-005 #I: 20
0.481013 0.182870 23 B( 0.000147, 0.000184 ) IW: 3.68421e-005 #I: 20
0.611111 0.083333 23 B( 0.000184, 0.000221 ) IW: 3.68421e-005 #I: 20
0.619048 0.145833 23 B( 0.000221, 0.000258 ) IW: 3.68421e-005 #I: 20
0.380952 0.097222 23 B( 0.000258, 0.000295 ) IW: 3.68421e-005 #I: 20
0.600000 0.069444 23 B( 0.000295, 0.000332 ) IW: 3.68421e-005 #I: 20
0.307692 0.030093 23 B( 0.000332, 0.000368 ) IW: 3.68421e-005 #I: 20
0.375000 0.018519 23 B( 0.000368, 0.000405 ) IW: 3.68421e-005 #I: 20
1.000000 0.006944 23 B( 0.000405, 0.000442 ) IW: 3.68421e-005 #I: 20
0.000000 0.000000 23 B( 0.000442, 0.000479 ) IW: 3.68421e-005 #I: 20
0.000000 0.000000 23 B( 0.000479, 0.000516 ) IW: 3.68421e-005 #I: 20
0.000000 0.000000 23 B( 0.000516, 0.000553 ) IW: 3.68421e-005 #I: 20
0.000000 0.000000 23 B( 0.000553, 0.000589 ) IW: 3.68421e-005 #I: 20
0.000000 0.000000 23 B( 0.000589, 0.000626 ) IW: 3.68421e-005 #I: 20
0.000000 0.000000 23 B( 0.000626, 0.000663 ) IW: 3.68421e-005 #I: 20
0.000000 0.000000 23 B( 0.000663, 0.000700 ) IW: 3.68421e-005 #I: 20
0.000000 0.000000 23 B( 0.000700, inf ) IW: 3.68421e-005 #I: 20
0.000000 0.000000 24 B( 0.000000, 0.000037 ) IW: 3.68421e-005 #I: 20
0.333333 0.006944 24 B( 0.000037, 0.000074 ) IW: 3.68421e-005 #I: 20
0.513514 0.256944 24 B( 0.000074, 0.000111 ) IW: 3.68421e-005 #I: 20
0.590909 0.101852 24 B( 0.000111, 0.000147 ) IW: 3.68421e-005 #I: 20
0.472973 0.171296 24 B( 0.000147, 0.000184 ) IW: 3.68421e-005 #I: 20
0.552632 0.087963 24 B( 0.000184, 0.000221 ) IW: 3.68421e-005 #I: 20
0.603175 0.145833 24 B( 0.000221, 0.000258 ) IW: 3.68421e-005 #I: 20
0.434783 0.106481 24 B( 0.000258, 0.000295 ) IW: 3.68421e-005 #I: 20
0.548387 0.071759 24 B( 0.000295, 0.000332 ) IW: 3.68421e-005 #I: 20
0.500000 0.027778 24 B( 0.000332, 0.000368 ) IW: 3.68421e-005 #I: 20
0.333333 0.013889 24 B( 0.000368, 0.000405 ) IW: 3.68421e-005 #I: 20
0.750000 0.009259 24 B( 0.000405, 0.000442 ) IW: 3.68421e-005 #I: 20
0.000000 0.000000 24 B( 0.000442, 0.000479 ) IW: 3.68421e-005 #I: 20
0.000000 0.000000 24 B( 0.000479, 0.000516 ) IW: 3.68421e-005 #I: 20
0.000000 0.000000 24 B( 0.000516, 0.000553 ) IW: 3.68421e-005 #I: 20
0.000000 0.000000 24 B( 0.000553, 0.000589 ) IW: 3.68421e-005 #I: 20
0.000000 0.000000 24 B( 0.000589, 0.000626 ) IW: 3.68421e-005 #I: 20
0.000000 0.000000 24 B( 0.000626, 0.000663 ) IW: 3.68421e-005 #I: 20
0.000000 0.000000 24 B( 0.000663, 0.000700 ) IW: 3.68421e-005 #I: 20
0.000000 0.000000 24 B( 0.000700, inf ) IW: 3.68421e-005 #I: 20
0.000000 0.000000 25 B( 0.000000, 0.000037 ) IW: 3.68421e-005 #I: 20
0.500000 0.004630 25 B( 0.000037, 0.000074 ) IW: 3.68421e-005 #I: 20
0.522523 0.256944 25 B( 0.000074, 0.000111 ) IW: 3.68421e-005 #I: 20
0.555556 0.104167 25 B( 0.000111, 0.000147 ) IW: 3.68421e-005 #I: 20
0.492958 0.164352 25 B( 0.000147, 0.000184 ) IW: 3.68421e-005 #I: 20
0.589744 0.090278 25 B( 0.000184, 0.000221 ) IW: 3.68421e-005 #I: 20
0.606557 0.141204 25 B( 0.000221, 0.000258 ) IW: 3.68421e-005 #I: 20
0.396552 0.134259 25 B( 0.000258, 0.000295 ) IW: 3.68421e-005 #I: 20
0.636364 0.050926 25 B( 0.000295, 0.000332 ) IW: 3.68421e-005 #I: 20
0.416667 0.027778 25 B( 0.000332, 0.000368 ) IW: 3.68421e-005 #I: 20
0.500000 0.023148 25 B( 0.000368, 0.000405 ) IW: 3.68421e-005 #I: 20
0.000000 0.002315 25 B( 0.000405, 0.000442 ) IW: 3.68421e-005 #I: 20
0.000000 0.000000 25 B( 0.000442, 0.000479 ) IW: 3.68421e-005 #I: 20
0.000000 0.000000 25 B( 0.000479, 0.000516 ) IW: 3.68421e-005 #I: 20
0.000000 0.000000 25 B( 0.000516, 0.000553 ) IW: 3.68421e-005 #I: 20
0.000000 0.000000 25 B( 0.000553, 0.000589 ) IW: 3.68421e-005 #I: 20
0.000000 0.000000 25 B( 0.000589, 0.000626 ) IW: 3.68421e-005 #I: 20
0.000000 0.000000 25 B( 0.000626, 0.000663 ) IW: 3.68421e-005 #I: 20
0.000000 0.000000 25 B( 0.000663, 0.000700 ) IW: 3.68421e-005 #I: 20
0.000000 0.000000 25 B( 0.000700, inf ) IW: 3.68421e-005 #I: 20
0.000000 0.000000 26 B( 0.000000, 0.000037 ) IW: 3.68421e-005 #I: 20
0.000000 0.002315 26 B( 0.000037, 0.000074 ) IW: 3.68421e-005 #I: 20
0.518519 0.250000 26 B( 0.000074, 0.000111 ) IW: 3.68421e-005 #I: 20
0.588235 0.118056 26 B( 0.000111, 0.000147 ) IW: 3.68421e-005 #I: 20
0.422535 0.164352 26 B( 0.000147, 0.000184 ) IW: 3.68421e-005 #I: 20
0.642857 0.097222 26 B( 0.000184, 0.000221 ) IW: 3.68421e-005 #I: 20
0.611111 0.125000 26 B( 0.000221, 0.000258 ) IW: 3.68421e-005 #I: 20
0.410714 0.129630 26 B( 0.000258, 0.000295 ) IW: 3.68421e-005 #I: 20
0.625000 0.055556 26 B( 0.000295, 0.000332 ) IW: 3.68421e-005 #I: 20
0.437500 0.037037 26 B( 0.000332, 0.000368 ) IW: 3.68421e-005 #I: 20
0.444444 0.020833 26 B( 0.000368, 0.000405 ) IW: 3.68421e-005 #I: 20
0.000000 0.000000 26 B( 0.000405, 0.000442 ) IW: 3.68421e-005 #I: 20
0.000000 0.000000 26 B( 0.000442, 0.000479 ) IW: 3.68421e-005 #I: 20
0.000000 0.000000 26 B( 0.000479, 0.000516 ) IW: 3.68421e-005 #I: 20
0.000000 0.000000 26 B( 0.000516, 0.000553 ) IW: 3.68421e-005 #I: 20
0.000000 0.000000 26 B( 0.000553, 0.000589 ) IW: 3.68421e-005 #I: 20
0.000000 0.000000 26 B( 0.000589, 0.000626 ) IW: 3.68421e-005 #I: 20
0.000000 0.000000 26 B( 0.000626, 0.000663 ) IW: 3.68421e-005 #I: 20
0.000000 0.000000 26 B( 0.000663, 0.000700 ) IW: 3.68421e-005 #I: 20
0.000000 0.000000 26 B( 0.000700, inf ) IW: 3.68421e-005 #I: 20
0.000000 0.000000 27 B( 0.000000, 0.000037 ) IW: 3.68421e-005 #I: 20
0.000000 0.002315 27 B( 0.000037, 0.000074 ) IW: 3.68421e-005 #I: 20
0.523364 0.247685 27 B( 0.000074, 0.000111 ) IW: 3.68421e-005 #I: 20
0.571429 0.113426 27 B( 0.000111, 0.000147 ) IW: 3.68421e-005 #I: 20
0.438356 0.168981 27 B( 0.000147, 0.000184 ) IW: 3.68421e-005 #I: 20
0.577778 0.104167 27 B( 0.000184, 0.000221 ) IW: 3.68421e-005 #I: 20
0.660000 0.115741 27 B( 0.000221, 0.000258 ) IW: 3.68421e-005 #I: 20
0.421053 0.131944 27 B( 0.000258, 0.000295 ) IW: 3.68421e-005 #I: 20
0.538462 0.060185 27 B( 0.000295, 0.000332 ) IW: 3.68421e-005 #I: 20
0.473684 0.043981 27 B( 0.000332, 0.000368 ) IW: 3.68421e-005 #I: 20
0.400000 0.011574 27 B( 0.000368, 0.000405 ) IW: 3.68421e-005 #I: 20
0.000000 0.000000 27 B( 0.000405, 0.000442 ) IW: 3.68421e-005 #I: 20
0.000000 0.000000 27 B( 0.000442, 0.000479 ) IW: 3.68421e-005 #I: 20
0.000000 0.000000 27 B( 0.000479, 0.000516 ) IW: 3.68421e-005 #I: 20
0.000000 0.000000 27 B( 0.000516, 0.000553 ) IW: 3.68421e-005 #I: 20
0.000000 0.000000 27 B( 0.000553, 0.000589 ) IW: 3.68421e-005 #I: 20
0.000000 0.000000 27 B( 0.000589, 0.000626 ) IW: 3.68421e-005 #I: 20
0.000000 0.000000 27 B( 0.000626, 0.000663 ) IW: 3.68421e-005 #I: 20
0.000000 0.000000 27 B( 0.000663, 0.000700 ) IW: 3.68421e-005 #I: 20
0.000000 0.000000 27 B( 0.000700, inf ) IW: 3.68421e-005 #I: 20
0.000000 0.000000 28 B( 0.000000, 0.000037 ) IW: 3.68421e-005 #I: 20
0.000000 0.002315 28 B( 0.000037, 0.000074 ) IW: 3.68421e-005 #I: 20
0.533981 0.238426 28 B( 0.000074, 0.000111 ) IW: 3.68421e-005 #I: 20
0.576923 0.120370 28 B( 0.000111, 0.000147 ) IW: 3.68421e-005 #I: 20
0.434783 0.159722 28 B( 0.000147, 0.000184 ) IW: 3.68421e-005 #I: 20
0.600000 0.115741 28 B( 0.000184, 0.000221 ) IW: 3.68421e-005 #I: 20
0.545455 0.127315 28 B( 0.000221, 0.000258 ) IW: 3.68421e-005 #I: 20
0.440000 0.115741 28 B( 0.000258, 0.000295 ) IW: 3.68421e-005 #I: 20
0.642857 0.064815 28 B( 0.000295, 0.000332 ) IW: 3.68421e-005 #I: 20
0.400000 0.046296 28 B( 0.000332, 0.000368 ) IW: 3.68421e-005 #I: 20
0.500000 0.009259 28 B( 0.000368, 0.000405 ) IW: 3.68421e-005 #I: 20
0.000000 0.000000 28 B( 0.000405, 0.000442 ) IW: 3.68421e-005 #I: 20
0.000000 0.000000 28 B( 0.000442, 0.000479 ) IW: 3.68421e-005 #I: 20
0.000000 0.000000 28 B( 0.000479, 0.000516 ) IW: 3.68421e-005 #I: 20
0.000000 0.000000 28 B( 0.000516, 0.000553 ) IW: 3.68421e-005 #I: 20
0.000000 0.000000 28 B( 0.000553, 0.000589 ) IW: 3.68421e-005 #I: 20
0.000000 0.000000 28 B( 0.000589, 0.000626 ) IW: 3.68421e-005 #I: 20
0.000000 0.000000 28 B( 0.000626, 0.000663 ) IW: 3.68421e-005 #I: 20
0.000000 0.000000 28 B( 0.000663, 0.000700 ) IW: 3.68421e-005 #I: 20
0.000000 0.000000 28 B( 0.000700, inf ) IW: 3.68421e-005 #I: 20
0.000000 0.000000 29 B( 0.000000, 0.000037 ) IW: 3.68421e-005 #I: 20
0.000000 0.004630 29 B( 0.000037, 0.000074 ) IW: 3.68421e-005 #I: 20
0.548077 0.240741 29 B( 0.000074, 0.000111 ) IW: 3.68421e-005 #I: 20
0.562500 0.111111 29 B( 0.000111, 0.000147 ) IW: 3.68421e-005 #I: 20
0.436620 0.164352 29 B( 0.000147, 0.000184 ) IW: 3.68421e-005 #I: 20
0.589286 0.129630 29 B( 0.000184, 0.000221 ) IW: 3.68421e-005 #I: 20
0.489796 0.113426 29 B( 0.000221, 0.000258 ) IW: 3.68421e-005 #I: 20
0.480769 0.120370 29 B( 0.000258, 0.000295 ) IW: 3.68421e-005 #I: 20
0.640000 0.057870 29 B( 0.000295, 0.000332 ) IW: 3.68421e-005 #I: 20
0.458333 0.055556 29 B( 0.000332, 0.000368 ) IW: 3.68421e-005 #I: 20
1.000000 0.002315 29 B( 0.000368, 0.000405 ) IW: 3.68421e-005 #I: 20
0.000000 0.000000 29 B( 0.000405, 0.000442 ) IW: 3.68421e-005 #I: 20
0.000000 0.000000 29 B( 0.000442, 0.000479 ) IW: 3.68421e-005 #I: 20
0.000000 0.000000 29 B( 0.000479, 0.000516 ) IW: 3.68421e-005 #I: 20
0.000000 0.000000 29 B( 0.000516, 0.000553 ) IW: 3.68421e-005 #I: 20
0.000000 0.000000 29 B( 0.000553, 0.000589 ) IW: 3.68421e-005 #I: 20
0.000000 0.000000 29 B( 0.000589, 0.000626 ) IW: 3.68421e-005 #I: 20
0.000000 0.000000 29 B( 0.000626, 0.000663 ) IW: 3.68421e-005 #I: 20
0.000000 0.000000 29 B( 0.000663, 0.000700 ) IW: 3.68421e-005 #I: 20
0.000000 0.000000 29 B( 0.000700, inf ) IW: 3.68421e-005 #I: 20
0.000000 0.000000 30 B( 0.000000, 0.000037 ) IW: 3.68421e-005 #I: 20
0.666667 0.006944 30 B( 0.000037, 0.000074 ) IW: 3.68421e-005 #I: 20
0.529412 0.236111 30 B( 0.000074, 0.000111 ) IW: 3.68421e-005 #I: 20
0.540000 0.115741 30 B( 0.000111, 0.000147 ) IW: 3.68421e-005 #I: 20
0.477612 0.155093 30 B( 0.000147, 0.000184 ) IW: 3.68421e-005 #I: 20
0.543860 0.131944 30 B( 0.000184, 0.000221 ) IW: 3.68421e-005 #I: 20
0.529412 0.118056 30 B( 0.000221, 0.000258 ) IW: 3.68421e-005 #I: 20
0.481481 0.125000 30 B( 0.000258, 0.000295 ) IW: 3.68421e-005 #I: 20
0.650000 0.046296 30 B( 0.000295, 0.000332 ) IW: 3.68421e-005 #I: 20
0.464286 0.064815 30 B( 0.000332, 0.000368 ) IW: 3.68421e-005 #I: 20
0.000000 0.000000 30 B( 0.000368, 0.000405 ) IW: 3.68421e-005 #I: 20
0.000000 0.000000 30 B( 0.000405, 0.000442 ) IW: 3.68421e-005 #I: 20
0.000000 0.000000 30 B( 0.000442, 0.000479 ) IW: 3.68421e-005 #I: 20
0.000000 0.000000 30 B( 0.000479, 0.000516 ) IW: 3.68421e-005 #I: 20
0.000000 0.000000 30 B( 0.000516, 0.000553 ) IW: 3.68421e-005 #I: 20
0.000000 0.000000 30 B( 0.000553, 0.000589 ) IW: 3.68421e-005 #I: 20
0.000000 0.000000 30 B( 0.000589, 0.000626 ) IW: 3.68421e-005 #I: 20
0.000000 0.000000 30 B( 0.000626, 0.000663 ) IW: 3.68421e-005 #I: 20
0.000000 0.000000 30 B( 0.000663, 0.000700 ) IW: 3.68421e-005 #I: 20
0.000000 0.000000 30 B( 0.000700, inf ) IW: 3.68421e-005 #I: 20
