1.2
1.2002
1.2004
1.2006
1.2008
1.201
1.2012
1.2014
1.2016
1.2018
1.202
1.2022
1.2024
1.2026
1.2028
1.203
1.2032
1.2034
1.2036
1.2038
1.204
1.2042
1.2044
1.2046
1.2048
1.205
1.2052
1.2054
1.2056
1.2058
1.206
1.2062
1.2064
1.2066
1.2068
1.207
1.2072
1.2074
1.2076
1.2078
1.208
1.2082
1.2084
1.2086
1.2088
1.209
1.2092
1.2094
1.2096
1.2098
1.21
1.2102
1.2104
1.2106
1.2108
1.211
1.2112
1.2114
1.2116
1.2118
1.212
1.2122
1.2124
1.2126
1.2128
1.213
1.2132
1.2134
1.2136
1.2138
1.214
1.2142
1.2144
1.2146
1.2148
1.215
1.2152
1.2154
1.2156
1.2158
1.216
1.2162
1.2164
1.2166
1.2168
1.217
1.2172
1.2174
1.2176
1.2178
1.218
1.2182
1.2184
1.2186
1.2188
1.219
1.2192
1.2194
1.2196
1.2198
1.22
1.2202
1.2204
1.2206
1.2208
1.221
1.2212
1.2214
1.2216
1.2218
1.222
1.2222
1.2224
1.2226
1.2228
1.223
1.2232
1.2234
1.2236
1.2238
1.224
1.2242
1.2244
1.2246
1.2248
1.225
1.2252
1.2254
1.2256
1.2258
1.226
1.2262
1.2264
1.2266
1.2268
1.227
1.2272
1.2274
1.2276
1.2278
1.228
1.2282
1.2284
1.2286
1.2288
1.229
1.2292
1.2294
1.2296
1.2298
1.23
1.2302
1.2304
1.2306
1.2308
1.231
1.2312
1.2314
1.2316
1.2318
1.232
1.2322
1.2324
1.2326
1.2328
1.233
1.2332
1.2334
1.2336
1.2338
1.234
1.2342
1.2344
1.2346
1.2348
1.235
1.2352
1.2354
1.2356
1.2358
1.236
1.2362
1.2364
1.2366
1.2368
1.237
1.2372
1.2374
1.2376
1.2378
1.238
1.2382
1.2384
1.2386
1.2388
1.239
1.2392
1.2394
1.2396
1.2398
1.24
1.2402
1.2404
1.2406
1.2408
1.241
1.2412
1.2414
1.2416
1.2418
1.242
1.2422
1.2424
1.2426
1.2428
1.243
1.2432
1.2434
1.2436
1.2438
1.244
1.2442
1.2444
1.2446
1.2448
1.245
1.2452
1.2454
1.2456
1.2458
1.246
1.2462
1.2464
1.2466
1.2468
1.247
1.2472
1.2474
1.2476
1.2478
1.248
1.2482
1.2484
1.2486
1.2488
1.249
1.2492
1.2494
1.2496
1.2498
1.25
1.2502
1.2504
1.2506
1.2508
1.251
1.2512
1.2514
1.2516
1.2518
1.252
1.2522
1.2524
1.2526
1.2528
1.253
1.2532
1.2534
1.2536
1.2538
1.254
1.2542
1.2544
1.2546
1.2548
1.255
1.2552
1.2554
1.2556
1.2558
1.256
1.2562
1.2564
1.2566
1.2568
1.257
1.2572
1.2574
1.2576
1.2578
1.258
1.2582
1.2584
1.2586
1.2588
1.259
1.2592
1.2594
1.2596
1.2598
1.26
1.2602
1.2604
1.2606
1.2608
1.261
1.2612
1.2614
1.2616
1.2618
1.262
1.2622
1.2624
1.2626
1.2628
1.263
1.2632
1.2634
1.2636
1.2638
1.264
1.2642
1.2644
1.2646
1.2648
1.265
1.2652
1.2654
1.2656
1.2658
1.266
1.2662
1.2664
1.2666
1.2668
1.267
1.2672
1.2674
1.2676
1.2678
1.268
1.2682
1.2684
1.2686
1.2688
1.269
1.2692
1.2694
1.2696
1.2698
1.27
1.2702
1.2704
1.2706
1.2708
1.271
1.2712
1.2714
1.2716
1.2718
1.272
1.2722
1.2724
1.2726
1.2728
1.273
1.2732
1.2734
1.2736
1.2738
1.274
1.2742
1.2744
1.2746
1.2748
1.275
1.2752
1.2754
1.2756
1.2758
1.276
1.2762
1.2764
1.2766
1.2768
1.277
1.2772
1.2774
1.2776
1.2778
1.278
1.2782
1.2784
1.2786
1.2788
1.279
1.2792
1.2794
1.2796
1.2798
1.28
1.2802
1.2804
1.2806
1.2808
1.281
1.2812
1.2814
1.2816
1.2818
1.282
1.2822
1.2824
1.2826
1.2828
1.283
1.2832
1.2834
1.2836
1.2838
1.284
1.2842
1.2844
1.2846
1.2848
1.285
1.2852
1.2854
1.2856
1.2858
1.286
1.2862
1.2864
1.2866
1.2868
1.287
1.2872
1.2874
1.2876
1.2878
1.288
1.2882
1.2884
1.2886
1.2888
1.289
1.2892
1.2894
1.2896
1.2898
1.29
1.2902
1.2904
1.2906
1.2908
1.291
1.2912
1.2914
1.2916
1.2918
1.292
1.2922
1.2924
1.2926
1.2928
1.293
1.2932
1.2934
1.2936
1.2938
1.294
1.2942
1.2944
1.2946
1.2948
1.295
1.2952
1.2954
1.2956
1.2958
1.296
1.2962
1.2964
1.2966
1.2968
1.297
1.2972
1.2974
1.2976
1.2978
1.298
1.2982
1.2984
1.2986
1.2988
1.299
1.2992
1.2994
1.2996
1.2998
1.3
1.3002
1.3004
1.3006
1.3008
1.301
1.3012
1.3014
1.3016
1.3018
1.302
1.3022
1.3024
1.3026
1.3028
1.303
1.3032
1.3034
1.3036
1.3038
1.304
1.3042
1.3044
1.3046
1.3048
1.305
1.3052
1.3054
1.3056
1.3058
1.306
1.3062
1.3064
1.3066
1.3068
1.307
1.3072
1.3074
1.3076
1.3078
1.308
1.3082
1.3084
1.3086
1.3088
1.309
1.3092
1.3094
1.3096
1.3098
1.31
1.3102
1.3104
1.3106
1.3108
1.311
1.3112
1.3114
1.3116
1.3118
1.312
1.3122
1.3124
1.3126
1.3128
1.313
1.3132
1.3134
1.3136
1.3138
1.314
1.3142
1.3144
1.3146
1.3148
1.315
1.3152
1.3154
1.3156
1.3158
1.316
1.3162
1.3164
1.3166
1.3168
1.317
1.3172
1.3174
1.3176
1.3178
1.318
1.3182
1.3184
1.3186
1.3188
1.319
1.3192
1.3194
1.3196
1.3198
1.32
1.3202
1.3204
1.3206
1.3208
1.321
1.3212
1.3214
1.3216
1.3218
1.322
1.3222
1.3224
1.3226
1.3228
1.323
1.3232
1.3234
1.3236
1.3238
1.324
1.3242
1.3244
1.3246
1.3248
1.325
1.3252
1.3254
1.3256
1.3258
1.326
1.3262
1.3264
1.3266
1.3268
1.327
1.3272
1.3274
1.3276
1.3278
1.328
1.3282
1.3284
1.3286
1.3288
1.329
1.3292
1.3294
1.3296
1.3298
1.33
1.3302
1.3304
1.3306
1.3308
1.331
1.3312
1.3314
1.3316
1.3318
1.332
1.3322
1.3324
1.3326
1.3328
1.333
1.3332
1.3334
1.3336
1.3338
1.334
1.3342
1.3344
1.3346
1.3348
1.335
1.3352
1.3354
1.3356
1.3358
1.336
1.3362
1.3364
1.3366
1.3368
1.337
1.3372
1.3374
1.3376
1.3378
1.338
1.3382
1.3384
1.3386
1.3388
1.339
1.3392
1.3394
1.3396
1.3398
1.34
1.3402
1.3404
1.3406
1.3408
1.341
1.3412
1.3414
1.3416
1.3418
1.342
1.3422
1.3424
1.3426
1.3428
1.343
1.3432
1.3434
1.3436
1.3438
1.344
1.3442
1.3444
1.3446
1.3448
1.345
1.3452
1.3454
1.3456
1.3458
1.346
1.3462
1.3464
1.3466
1.3468
1.347
1.3472
1.3474
1.3476
1.3478
1.348
1.3482
1.3484
1.3486
1.3488
1.349
1.3492
1.3494
1.3496
1.3498
1.35
1.3502
1.3504
1.3506
1.3508
1.351
1.3512
1.3514
1.3516
1.3518
1.352
1.3522
1.3524
1.3526
1.3528
1.353
1.3532
1.3534
1.3536
1.3538
1.354
1.3542
1.3544
1.3546
1.3548
1.355
1.3552
1.3554
1.3556
1.3558
1.356
1.3562
1.3564
1.3566
1.3568
1.357
1.3572
1.3574
1.3576
1.3578
1.358
1.3582
1.3584
1.3586
1.3588
1.359
1.3592
1.3594
1.3596
1.3598
1.36
1.3602
1.3604
1.3606
1.3608
1.361
1.3612
1.3614
1.3616
1.3618
1.362
1.3622
1.3624
1.3626
1.3628
1.363
1.3632
1.3634
1.3636
1.3638
1.364
1.3642
1.3644
1.3646
1.3648
1.365
1.3652
1.3654
1.3656
1.3658
1.366
1.3662
1.3664
1.3666
1.3668
1.367
1.3672
1.3674
1.3676
1.3678
1.368
1.3682
1.3684
1.3686
1.3688
1.369
1.3692
1.3694
1.3696
1.3698
1.37
1.3702
1.3704
1.3706
1.3708
1.371
1.3712
1.3714
1.3716
1.3718
1.372
1.3722
1.3724
1.3726
1.3728
1.373
1.3732
1.3734
1.3736
1.3738
1.374
1.3742
1.3744
1.3746
1.3748
1.375
1.3752
1.3754
1.3756
1.3758
1.376
1.3762
1.3764
1.3766
1.3768
1.377
1.3772
1.3774
1.3776
1.3778
1.378
1.3782
1.3784
1.3786
1.3788
1.379
1.3792
1.3794
1.3796
1.3798
1.38
1.3802
1.3804
1.3806
1.3808
1.381
1.3812
1.3814
1.3816
1.3818
1.382
1.3822
1.3824
1.3826
1.3828
1.383
1.3832
1.3834
1.3836
1.3838
1.384
1.3842
1.3844
1.3846
1.3848
1.385
1.3852
1.3854
1.3856
1.3858
1.386
1.3862
1.3864
1.3866
1.3868
1.387
1.3872
1.3874
1.3876
1.3878
1.388
1.3882
1.3884
1.3886
1.3888
1.389
1.3892
1.3894
1.3896
1.3898
1.39
1.3902
1.3904
1.3906
1.3908
1.391
1.3912
1.3914
1.3916
1.3918
1.392
1.3922
1.3924
1.3926
1.3928
1.393
1.3932
1.3934
1.3936
1.3938
1.394
1.3942
1.3944
1.3946
1.3948
1.395
1.3952
1.3954
1.3956
1.3958
1.396
1.3962
1.3964
1.3966
1.3968
1.397
1.3972
1.3974
1.3976
1.3978
1.398
1.3982
1.3984
1.3986
1.3988
1.399
1.3992
1.3994
1.3996
1.3998
#######