1.2
1.2002
1.2004
1.2006
1.2008
1.201
1.2012
1.2014
1.2016
1.2018
1.202
1.2022
1.2024
1.2026
1.2028
1.203
1.2032
1.2034
1.2036
1.2038
1.204
1.2042
1.2044
1.2046
1.2048
1.205
1.2052
1.2054
1.2056
1.2058
1.206
1.2062
1.2064
1.2066
1.2068
1.207
1.2072
1.2074
1.2076
1.2078
1.208
1.2082
1.2084
1.2086
1.2088
1.209
1.2092
1.2094
1.2096
1.2098
1.21
1.2102
1.2104
1.2106
1.2108
1.211
1.2112
1.2114
1.2116
1.2118
1.212
1.2122
1.2124
1.2126
1.2128
1.213
1.2132
1.2134
1.2136
1.2138
1.214
1.2142
1.2144
1.2146
1.2148
1.215
1.2152
1.2154
1.2156
1.2158
1.216
1.2162
1.2164
1.2166
1.2168
1.217
1.2172
1.2174
1.2176
1.2178
1.218
1.2182
1.2184
1.2186
1.2188
1.219
1.2192
1.2194
1.2196
1.2198
1.22
1.2202
1.2204
1.2206
1.2208
1.221
1.2212
1.2214
1.2216
1.2218
1.222
1.2222
1.2224
1.2226
1.2228
1.223
1.2232
1.2234
1.2236
1.2238
1.224
1.2242
1.2244
1.2246
1.2248
1.225
1.2252
1.2254
1.2256
1.2258
1.226
1.2262
1.2264
1.2266
1.2268
1.227
1.2272
1.2274
1.2276
1.2278
1.228
1.2282
1.2284
1.2286
1.2288
1.229
1.2292
1.2294
1.2296
1.2298
1.23
1.2302
1.2304
1.2306
1.2308
1.231
1.2312
1.2314
1.2316
1.2318
1.232
1.2322
1.2324
1.2326
1.2328
1.233
1.2332
1.2334
1.2336
1.2338
1.234
1.2342
1.2344
1.2346
1.2348
1.235
1.2352
1.2354
1.2356
1.2358
1.236
1.2362
1.2364
1.2366
1.2368
1.237
1.2372
1.2374
1.2376
1.2378
1.238
1.2382
1.2384
1.2386
1.2388
1.239
1.2392
1.2394
1.2396
1.2398
1.24
1.2402
1.2404
1.2406
1.2408
1.241
1.2412
1.2414
1.2416
1.2418
1.242
1.2422
1.2424
1.2426
1.2428
1.243
1.2432
1.2434
1.2436
1.2438
1.244
1.2442
1.2444
1.2446
1.2448
1.245
1.2452
1.2454
1.2456
1.2458
1.246
1.2462
1.2464
1.2466
1.2468
1.247
1.2472
1.2474
1.2476
1.2478
1.248
1.2482
1.2484
1.2486
1.2488
1.249
1.2492
1.2494
1.2496
1.2498
1.25
1.2502
1.2504
1.2506
1.2508
1.251
1.2512
1.2514
1.2516
1.2518
1.252
1.2522
1.2524
1.2526
1.2528
1.253
1.2532
1.2534
1.2536
1.2538
1.254
1.2542
1.2544
1.2546
1.2548
1.255
1.2552
1.2554
1.2556
1.2558
1.256
1.2562
1.2564
1.2566
1.2568
1.257
1.2572
1.2574
1.2576
1.2578
1.258
1.2582
1.2584
1.2586
1.2588
1.259
1.2592
1.2594
1.2596
1.2598
1.26
1.2602
1.2604
1.2606
1.2608
1.261
1.2612
1.2614
1.2616
1.2618
1.262
1.2622
1.2624
1.2626
1.2628
1.263
1.2632
1.2634
1.2636
1.2638
1.264
1.2642
1.2644
1.2646
1.2648
1.265
1.2652
1.2654
1.2656
1.2658
1.266
1.2662
1.2664
1.2666
1.2668
1.267
1.2672
1.2674
1.2676
1.2678
1.268
1.2682
1.2684
1.2686
1.2688
1.269
1.2692
1.2694
1.2696
1.2698
1.27
1.2702
1.2704
1.2706
1.2708
1.271
1.2712
1.2714
1.2716
1.2718
1.272
1.2722
1.2724
1.2726
1.2728
1.273
1.2732
1.2734
1.2736
1.2738
1.274
1.2742
1.2744
1.2746
1.2748
1.275
1.2752
1.2754
1.2756
1.2758
1.276
1.2762
1.2764
1.2766
1.2768
1.277
1.2772
1.2774
1.2776
1.2778
1.278
1.2782
1.2784
1.2786
1.2788
1.279
1.2792
1.2794
1.2796
1.2798
1.28
1.2802
1.2804
1.2806
1.2808
1.281
1.2812
1.2814
1.2816
1.2818
1.282
1.2822
1.2824
1.2826
1.2828
1.283
1.2832
1.2834
1.2836
1.2838
1.284
1.2842
1.2844
1.2846
1.2848
1.285
1.2852
1.2854
1.2856
1.2858
1.286
1.2862
1.2864
1.2866
1.2868
1.287
1.2872
1.2874
1.2876
1.2878
1.288
1.2882
1.2884
1.2886
1.2888
1.289
1.2892
1.2894
1.2896
1.2898
1.29
1.2902
1.2904
1.2906
1.2908
1.291
1.2912
1.2914
1.2916
1.2918
1.292
1.2922
1.2924
1.2926
1.2928
1.293
1.2932
1.2934
1.2936
1.2938
1.294
1.2942
1.2944
1.2946
1.2948
1.295
1.2952
1.2954
1.2956
1.2958
1.296
1.2962
1.2964
1.2966
1.2968
1.297
1.2972
1.2974
1.2976
1.2978
1.298
1.2982
1.2984
1.2986
1.2988
1.299
1.2992
1.2994
1.2996
1.2998
1.3
1.2998
1.2996
1.2994
1.2992
1.299
1.2988
1.2986
1.2984
1.2982
1.298
1.2978
1.2976
1.2974
1.2972
1.297
1.2968
1.2966
1.2964
1.2962
1.296
1.2958
1.2956
1.2954
1.2952
1.295
1.2948
1.2946
1.2944
1.2942
1.294
1.2938
1.2936
1.2934
1.2932
1.293
1.2928
1.2926
1.2924
1.2922
1.292
1.2918
1.2916
1.2914
1.2912
1.291
1.2908
1.2906
1.2904
1.2902
1.29
1.2898
1.2896
1.2894
1.2892
1.289
1.2888
1.2886
1.2884
1.2882
1.288
1.2878
1.2876
1.2874
1.2872
1.287
1.2868
1.2866
1.2864
1.2862
1.286
1.2858
1.2856
1.2854
1.2852
1.285
1.2848
1.2846
1.2844
1.2842
1.284
1.2838
1.2836
1.2834
1.2832
1.283
1.2828
1.2826
1.2824
1.2822
1.282
1.2818
1.2816
1.2814
1.2812
1.281
1.2808
1.2806
1.2804
1.2802
1.28
1.2798
1.2796
1.2794
1.2792
1.279
1.2788
1.2786
1.2784
1.2782
1.278
1.2778
1.2776
1.2774
1.2772
1.277
1.2768
1.2766
1.2764
1.2762
1.276
1.2758
1.2756
1.2754
1.2752
1.275
1.2748
1.2746
1.2744
1.2742
1.274
1.2738
1.2736
1.2734
1.2732
1.273
1.2728
1.2726
1.2724
1.2722
1.272
1.2718
1.2716
1.2714
1.2712
1.271
1.2708
1.2706
1.2704
1.2702
1.27
1.2698
1.2696
1.2694
1.2692
1.269
1.2688
1.2686
1.2684
1.2682
1.268
1.2678
1.2676
1.2674
1.2672
1.267
1.2668
1.2666
1.2664
1.2662
1.266
1.2658
1.2656
1.2654
1.2652
1.265
1.2648
1.2646
1.2644
1.2642
1.264
1.2638
1.2636
1.2634
1.2632
1.263
1.2628
1.2626
1.2624
1.2622
1.262
1.2618
1.2616
1.2614
1.2612
1.261
1.2608
1.2606
1.2604
1.2602
1.26
1.2598
1.2596
1.2594
1.2592
1.259
1.2588
1.2586
1.2584
1.2582
1.258
1.2578
1.2576
1.2574
1.2572
1.257
1.2568
1.2566
1.2564
1.2562
1.256
1.2558
1.2556
1.2554
1.2552
1.255
1.2548
1.2546
1.2544
1.2542
1.254
1.2538
1.2536
1.2534
1.2532
1.253
1.2528
1.2526
1.2524
1.2522
1.252
1.2518
1.2516
1.2514
1.2512
1.251
1.2508
1.2506
1.2504
1.2502
1.25
1.2498
1.2496
1.2494
1.2492
1.249
1.2488
1.2486
1.2484
1.2482
1.248
1.2478
1.2476
1.2474
1.2472
1.247
1.2468
1.2466
1.2464
1.2462
1.246
1.2458
1.2456
1.2454
1.2452
1.245
1.2448
1.2446
1.2444
1.2442
1.244
1.2438
1.2436
1.2434
1.2432
1.243
1.2428
1.2426
1.2424
1.2422
1.242
1.2418
1.2416
1.2414
1.2412
1.241
1.2408
1.2406
1.2404
1.2402
1.24
1.2398
1.2396
1.2394
1.2392
1.239
1.2388
1.2386
1.2384
1.2382
1.238
1.2378
1.2376
1.2374
1.2372
1.237
1.2368
1.2366
1.2364
1.2362
1.236
1.2358
1.2356
1.2354
1.2352
1.235
1.2348
1.2346
1.2344
1.2342
1.234
1.2338
1.2336
1.2334
1.2332
1.233
1.2328
1.2326
1.2324
1.2322
1.232
1.2318
1.2316
1.2314
1.2312
1.231
1.2308
1.2306
1.2304
1.2302
1.23
1.2298
1.2296
1.2294
1.2292
1.229
1.2288
1.2286
1.2284
1.2282
1.228
1.2278
1.2276
1.2274
1.2272
1.227
1.2268
1.2266
1.2264
1.2262
1.226
1.2258
1.2256
1.2254
1.2252
1.225
1.2248
1.2246
1.2244
1.2242
1.224
1.2238
1.2236
1.2234
1.2232
1.223
1.2228
1.2226
1.2224
1.2222
1.222
1.2218
1.2216
1.2214
1.2212
1.221
1.2208
1.2206
1.2204
1.2202
1.22
1.2198
1.2196
1.2194
1.2192
1.219
1.2188
1.2186
1.2184
1.2182
1.218
1.2178
1.2176
1.2174
1.2172
1.217
1.2168
1.2166
1.2164
1.2162
1.216
1.2158
1.2156
1.2154
1.2152
1.215
1.2148
1.2146
1.2144
1.2142
1.214
1.2138
1.2136
1.2134
1.2132
1.213
1.2128
1.2126
1.2124
1.2122
1.212
1.2118
1.2116
1.2114
1.2112
1.211
1.2108
1.2106
1.2104
1.2102
1.21
1.2098
1.2096
1.2094
1.2092
1.209
1.2088
1.2086
1.2084
1.2082
1.208
1.2078
1.2076
1.2074
1.2072
1.207
1.2068
1.2066
1.2064
1.2062
1.206
1.2058
1.2056
1.2054
1.2052
1.205
1.2048
1.2046
1.2044
1.2042
1.204
1.2038
1.2036
1.2034
1.2032
1.203
1.2028
1.2026
1.2024
1.2022
1.202
1.2018
1.2016
1.2014
1.2012
1.201
1.2008
1.2006
1.2004
1.2002
#####